0.0025 13.4568 0.0025 0.0184643 1.41283
0.0075 5.2877 0.0025 0.0115542 0.557999
0.0125 3.06241 0.0025 0.00878918 0.322771
0.0175 2.07988 0.0025 0.00721319 0.221755
0.0225 1.59056 0.0025 0.00629688 0.16963
0.0275 1.2702 0.0025 0.00561349 0.136363
0.0325 1.02913 0.0025 0.00503873 0.11143
0.0375 0.826266 0.0025 0.00448972 0.091153
0.0425 0.717851 0.0025 0.00417474 0.0794803
0.0475 0.616474 0.0025 0.00385604 0.0690927
0.0525 0.504128 0.0025 0.00346874 0.0577314
0.0575 0.450309 0.0025 0.00326362 0.0521957
0.0625 0.390191 0.0025 0.00301346 0.0461273
0.0675 0.323033 0.0025 0.00271976 0.0395794
0.0725 0.271314 0.0025 0.00246608 0.0343173
0.0775 0.225657 0.0025 0.00221701 0.0298698
0.0825 0.197506 0.0025 0.00205126 0.0269438
0.0875 0.155659 0.0025 0.0017809 0.0226971
0.0925 0.128925 0.0025 0.00157919 0.0201678
0.0975 0.100922 0.0025 0.00133642 0.0172967
0.1025 0.0848859 0.0025 0.0011833 0.0155867
0.1075 0.0648857 0.0025 0.000943309 0.0136842
0.1125 0.0530503 0.0025 0.000802337 0.0120658
0.1175 0.0387017 0.0025 0.000557843 0.0103881
0.1225 0.0314001 0.0025 0.000325262 0.00987464
0.1275 0.0276061 0.0025 0.000250795 0.00901872
0.1325 0.02472 0.0025 0.000178583 0.00834964
0.1375 0.0237361 0.0025 0.000163759 0.00804911
0.1425 0.0232542 0.0025 0.000162184 0.00786774
0.1475 0.0222238 0.0025 0.000157947 0.00757641
0.1525 0.0218636 0.0025 0.000156944 0.00742004
0.1575 0.0209671 0.0025 0.000153552 0.00708674
0.1625 0.0194915 0.0025 0.000146692 0.00665918
0.1675 0.01979 0.0025 0.000148564 0.00672675
0.1725 0.0184757 0.0025 0.000142813 0.00628556
0.1775 0.0181885 0.0025 0.000141388 0.00621348
0.1825 0.0172235 0.0025 0.000137048 0.0058827
0.1875 0.0171509 0.0025 0.000137014 0.00584677
0.1925 0.0163986 0.0025 0.000133258 0.0056254
0.1975 0.0165601 0.0025 0.000134784 0.00564718
0.2025 0.0154966 0.0025 0.000129055 0.00531628
0.2075 0.014668 0.0025 0.000124848 0.00504832
0.2125 0.0142084 0.0025 0.000122778 0.00488695
0.2175 0.0141269 0.0025 0.000122662 0.0048378
0.2225 0.0134068 0.0025 0.000118544 0.00461215
0.2275 0.0136473 0.0025 0.000120063 0.00467791
0.2325 0.0128689 0.0025 0.000115393 0.00444542
0.2375 0.0127656 0.0025 0.000115084 0.00441411
0.2425 0.0121379 0.0025 0.000111263 0.00420413
0.2475 0.0121194 0.0025 0.000111597 0.00419413
0.2525 0.0120485 0.0025 0.000111401 0.00418263
0.2575 0.0115143 0.0025 0.000107985 0.00400227
0.2625 0.011169 0.0025 0.000106233 0.00387707
0.2675 0.0113698 0.0025 0.000107248 0.00394188
0.2725 0.0105767 0.0025 0.000102484 0.00368095
0.2775 0.0102946 0.0025 0.000100508 0.0036046
0.2825 0.0102858 0.0025 0.00010085 0.00359108
0.2875 0.0102541 0.0025 9.95932e-05 0.00361164
0.2925 0.00966543 0.0025 9.61967e-05 0.00340215
0.2975 0.00918666 0.0025 9.33785e-05 0.00324445
0.3025 0.00925974 0.0025 9.3164e-05 0.00327574
0.3075 0.00889111 0.0025 9.0778e-05 0.00316296
0.3125 0.00923291 0.0025 9.31702e-05 0.0032478
0.3175 0.00856631 0.0025 8.8414e-05 0.00304894
0.3225 0.00853071 0.0025 8.82658e-05 0.00302171
0.3275 0.00813637 0.0025 8.55555e-05 0.00290819
0.3325 0.00811603 0.0025 8.54373e-05 0.00289001
0.3375 0.00779839 0.0025 8.25878e-05 0.00280298
0.3425 0.00803758 0.0025 8.43397e-05 0.00287004
0.3475 0.00788718 0.0025 8.26461e-05 0.00283418
0.3525 0.00767708 0.0025 8.10056e-05 0.00275831
0.3575 0.0073064 0.0025 7.81719e-05 0.00263458
0.3625 0.00683112 0.0025 7.35887e-05 0.00250691
0.3675 0.0068733 0.0025 7.42002e-05 0.00250564
0.3725 0.0066603 0.0025 7.27644e-05 0.00243258
0.3775 0.00665296 0.0025 7.22702e-05 0.00244927
0.3825 0.00649424 0.0025 7.07143e-05 0.00239097
0.3875 0.00649382 0.0025 7.03541e-05 0.00239431
0.3925 0.00635603 0.0025 6.87094e-05 0.00237381
0.3975 0.00583169 0.0025 6.34742e-05 0.0022068
0.4025 0.0061249 0.0025 6.65235e-05 0.00229068
0.4075 0.00569431 0.0025 6.15638e-05 0.00215734
0.4125 0.0056275 0.0025 6.07577e-05 0.00213614
0.4175 0.00562125 0.0025 6.06028e-05 0.00213176
0.4225 0.00558515 0.0025 5.98787e-05 0.00213606
0.4275 0.00535505 0.0025 5.7359e-05 0.0020536
0.4325 0.00546103 0.0025 5.77648e-05 0.00210744
0.4375 0.00530146 0.0025 5.59378e-05 0.00205232
0.4425 0.00514779 0.0025 5.28308e-05 0.00201651
0.4475 0.005049 0.0025 5.17863e-05 0.00198528
0.4525 0.00478038 0.0025 4.76192e-05 0.00190827
0.4575 0.00492712 0.0025 4.96568e-05 0.00195984
0.4625 0.0047705 0.0025 4.77853e-05 0.00191925
0.4675 0.00480636 0.0025 4.74547e-05 0.00191708
0.4725 0.00459668 0.0025 4.42912e-05 0.00186016
0.4775 0.00468174 0.0025 4.49997e-05 0.00187992
0.4825 0.00444332 0.0025 4.12731e-05 0.0018382
0.4875 0.0043046 0.0025 3.79134e-05 0.00180584
0.4925 0.00444935 0.0025 3.97339e-05 0.00184239
0.4975 0.0043098 0.0025 3.82293e-05 0.00180094
0.5025 0.00422533 0.0025 3.54851e-05 0.00179125
0.5075 0.00427509 0.0025 3.52142e-05 0.0018125
0.5125 0.00412334 0.0025 3.30796e-05 0.00175711
0.5175 0.0041213 0.0025 3.25552e-05 0.00176229
0.5225 0.00414913 0.0025 3.32309e-05 0.0017773
0.5275 0.00422747 0.0025 3.34096e-05 0.00180392
0.5325 0.00424356 0.0025 3.29275e-05 0.00182638
0.5375 0.00415215 0.0025 3.25726e-05 0.00177949
0.5425 0.00426774 0.0025 3.30422e-05 0.00184813
0.5475 0.00421623 0.0025 3.30622e-05 0.00182663
0.5525 0.00421258 0.0025 3.26252e-05 0.00182748
0.5575 0.00422763 0.0025 3.27099e-05 0.00183495
0.5625 0.00420114 0.0025 3.28184e-05 0.00182538
0.5675 0.00420474 0.0025 3.24258e-05 0.00182445
0.5725 0.00417558 0.0025 3.26547e-05 0.00181341
0.5775 0.00417963 0.0025 3.26897e-05 0.001823
0.5825 0.00428859 0.0025 3.29339e-05 0.00189051
0.5875 0.00417785 0.0025 3.25482e-05 0.00183846
0.5925 0.0043033 0.0025 3.29487e-05 0.00191643
0.5975 0.0042264 0.0025 3.29149e-05 0.0018681
0.6025 0.00425263 0.0025 3.29252e-05 0.00189422
0.6075 0.00417641 0.0025 3.26392e-05 0.00186641
0.6125 0.0041221 0.0025 3.21727e-05 0.00186998
0.6175 0.00408014 0.0025 3.22155e-05 0.00183813
0.6225 0.00404578 0.0025 3.18362e-05 0.00185804
0.6275 0.00394522 0.0025 3.14297e-05 0.00181734
0.6325 0.00392617 0.0025 3.14228e-05 0.00185329
0.6375 0.00379431 0.0025 3.11196e-05 0.00179243
0.6425 0.00363263 0.0025 3.04415e-05 0.00174948
0.6475 0.00360149 0.0025 3.04751e-05 0.00176217
0.6525 0.00356228 0.0025 3.04525e-05 0.00174111
0.6575 0.00356231 0.0025 3.04767e-05 0.00175102
0.6625 0.00354665 0.0025 3.01329e-05 0.00175986
0.6675 0.00357436 0.0025 3.01022e-05 0.00174946
0.6725 0.00370643 0.0025 3.10527e-05 0.0018195
0.6775 0.00370291 0.0025 3.03586e-05 0.00183667
0.6825 0.00369862 0.0025 3.00718e-05 0.00186123
0.6875 0.00377475 0.0025 3.06766e-05 0.00188397
0.6925 0.00378136 0.0025 3.0645e-05 0.00187664
0.6975 0.00382515 0.0025 3.05588e-05 0.00191294
0.7025 0.0038541 0.0025 3.08374e-05 0.0018981
0.7075 0.00389187 0.0025 3.10389e-05 0.00190006
0.7125 0.00394163 0.0025 3.11434e-05 0.00193128
0.7175 0.00395949 0.0025 3.10241e-05 0.00190422
0.7225 0.00408993 0.0025 3.1832e-05 0.00191089
0.7275 0.00419644 0.0025 3.21918e-05 0.00194461
0.7325 0.00419186 0.0025 3.2069e-05 0.00189426
0.7375 0.00436435 0.0025 3.31595e-05 0.00192263
0.7425 0.00461024 0.0025 3.3543e-05 0.00199227
0.7475 0.00493923 0.0025 3.47061e-05 0.00206782
0.7525 0.00544212 0.0025 3.62256e-05 0.0021814
0.7575 0.00630199 0.0025 3.87498e-05 0.00243581
0.7625 0.00779601 0.0025 4.24042e-05 0.00289592
0.7675 0.0105982 0.0025 4.87428e-05 0.00379235
0.7725 0.0163541 0.0025 5.96375e-05 0.00564069
0.7775 0.0245602 0.0025 7.23375e-05 0.00832836
0.7825 0.028196 0.0025 7.7471e-05 0.00948845
0.7875 0.021999 0.0025 6.88609e-05 0.00743211
0.7925 0.0132835 0.0025 5.42679e-05 0.00453103
0.7975 0.00799867 0.0025 4.32074e-05 0.00277057
0.8025 0.00554124 0.0025 3.71667e-05 0.00193258
0.8075 0.00432636 0.0025 3.357e-05 0.00152488
0.8125 0.00371966 0.0025 3.16458e-05 0.00131725
0.8175 0.00323918 0.0025 2.98488e-05 0.00113504
0.8225 0.00306233 0.0025 2.93194e-05 0.00106648
0.8275 0.00285158 0.0025 2.87351e-05 0.00099754
0.8325 0.00270719 0.0025 2.79637e-05 0.000932884
0.8375 0.00268294 0.0025 2.8221e-05 0.00092547
0.8425 0.00256367 0.0025 2.74747e-05 0.000877566
0.8475 0.00251076 0.0025 2.70636e-05 0.000856049
0.8525 0.00245715 0.0025 2.68487e-05 0.000829137
0.8575 0.0024696 0.0025 2.71036e-05 0.000834021
0.8625 0.0023709 0.0025 2.63798e-05 0.000790442
0.8675 0.00238728 0.0025 2.66825e-05 0.000795883
0.8725 0.0023187 0.0025 2.6492e-05 0.00076487
0.8775 0.0023297 0.0025 2.61891e-05 0.000765476
0.8825 0.00232974 0.0025 2.63694e-05 0.000761229
0.8875 0.0022428 0.0025 2.54658e-05 0.000727638
0.8925 0.00230145 0.0025 2.59983e-05 0.000744511
0.8975 0.00225354 0.0025 2.56563e-05 0.000723441
0.9025 0.00226664 0.0025 2.56129e-05 0.000724078
0.9075 0.00226946 0.0025 2.55359e-05 0.000721157
0.9125 0.00227407 0.0025 2.52902e-05 0.000718113
0.9175 0.00228471 0.0025 2.53349e-05 0.000715278
0.9225 0.00227541 0.0025 2.51185e-05 0.000706003
0.9275 0.00229015 0.0025 2.50925e-05 0.0007028
0.9325 0.0022573 0.0025 2.4606e-05 0.000683613
0.9375 0.00234428 0.0025 2.49733e-05 0.00070413
0.9425 0.00230547 0.0025 2.40427e-05 0.000677649
0.9475 0.00240335 0.0025 2.45648e-05 0.000697757
0.9525 0.00243037 0.0025 2.45162e-05 0.000691327
0.9575 0.00253117 0.0025 2.48271e-05 0.00070677
0.9625 0.00257346 0.0025 2.4255e-05 0.000697101
0.9675 0.00266324 0.0025 2.41041e-05 0.00069665
0.9725 0.00284556 0.0025 2.43509e-05 0.00071964
0.9775 0.00302649 0.0025 2.43623e-05 0.000732043
0.9825 0.00327927 0.0025 2.38482e-05 0.000745955
0.9875 0.00373619 0.0025 2.42462e-05 0.000798194
0.9925 0.00444275 0.0025 2.47895e-05 0.000865776
0.9975 0.00565697 0.0025 2.50261e-05 0.000980084
1.0025 0.008124 0.0025 2.60688e-05 0.00122955
1.0075 0.0131091 0.0025 2.77061e-05 0.00171891
1.0125 0.0206787 0.0025 3.04517e-05 0.00246927
1.0175 0.0258674 0.0025 3.16627e-05 0.00297674
1.0225 0.0231684 0.0025 3.10571e-05 0.0027127
1.0275 0.0151082 0.0025 2.79907e-05 0.001904
1.0325 0.00837093 0.0025 2.53974e-05 0.00123197
1.0375 0.00488574 0.0025 2.37224e-05 0.000873149
1.0425 0.00334478 0.0025 2.27337e-05 0.000711896
1.0475 0.00259842 0.0025 2.23304e-05 0.000632105
1.0525 0.00224161 0.0025 2.25338e-05 0.000599702
1.0575 0.00198288 0.0025 2.17846e-05 0.000563328
1.0625 0.00188072 0.0025 2.21781e-05 0.000560777
1.0675 0.00175521 0.0025 2.17257e-05 0.000538062
1.0725 0.00169089 0.0025 2.16445e-05 0.000531161
1.0775 0.00157022 0.0025 2.09531e-05 0.000499089
1.0825 0.00157165 0.0025 2.14426e-05 0.000507476
1.0875 0.00151812 0.0025 2.10343e-05 0.000495436
1.0925 0.00149082 0.0025 2.07712e-05 0.000490925
1.0975 0.0014714 0.0025 2.08505e-05 0.000487632
1.1025 0.00143829 0.0025 2.05468e-05 0.000478129
1.1075 0.00137124 0.0025 2.00459e-05 0.000458029
1.1125 0.00140065 0.0025 2.01802e-05 0.000469478
1.1175 0.00133848 0.0025 2.01712e-05 0.000451221
1.1225 0.00134803 0.0025 2.0452e-05 0.000454713
1.1275 0.00133715 0.0025 2.03294e-05 0.000452914
1.1325 0.00131567 0.0025 2.02529e-05 0.000445431
1.1375 0.00135196 0.0025 2.06256e-05 0.000459115
1.1425 0.00126479 0.0025 1.95457e-05 0.00043089
1.1475 0.00128862 0.0025 2.01685e-05 0.000439428
1.1525 0.00126113 0.0025 1.94844e-05 0.000430061
1.1575 0.00118929 0.0025 1.89667e-05 0.000406021
1.1625 0.00126109 0.0025 1.98077e-05 0.000431702
1.1675 0.00118688 0.0025 1.92073e-05 0.000405268
1.1725 0.0011977 0.0025 1.92864e-05 0.000409872
1.1775 0.00121586 0.0025 1.9525e-05 0.000417166
1.1825 0.00116166 0.0025 1.88075e-05 0.000397379
1.1875 0.00117194 0.0025 1.90762e-05 0.000402248
1.1925 0.0011027 0.0025 1.84182e-05 0.000377792
1.1975 0.0011252 0.0025 1.88459e-05 0.000386305
1.2025 0.00105909 0.0025 1.77862e-05 0.000363326
1.2075 0.00108539 0.0025 1.79836e-05 0.000372856
1.2125 0.0011021 0.0025 1.84882e-05 0.000378315
1.2175 0.00108394 0.0025 1.83557e-05 0.000372012
1.2225 0.00106981 0.0025 1.82648e-05 0.000367705
1.2275 0.001033 0.0025 1.79183e-05 0.000355333
1.2325 0.0010397 0.0025 1.81388e-05 0.000357589
1.2375 0.00102921 0.0025 1.80272e-05 0.000353897
1.2425 0.00099827 0.0025 1.74741e-05 0.000343768
1.2475 0.000989829 0.0025 1.75319e-05 0.000340674
1.2525 0.000986981 0.0025 1.7699e-05 0.000339168
1.2575 0.000975766 0.0025 1.74448e-05 0.000336129
1.2625 0.00096581 0.0025 1.73466e-05 0.000332384
1.2675 0.00094038 0.0025 1.712e-05 0.000323684
1.2725 0.000947122 0.0025 1.71172e-05 0.000326423
1.2775 0.000957386 0.0025 1.74066e-05 0.000329706
1.2825 0.00090796 0.0025 1.64195e-05 0.000312257
1.2875 0.000887648 0.0025 1.64768e-05 0.000305555
1.2925 0.00092093 0.0025 1.70757e-05 0.000317392
1.2975 0.000903834 0.0025 1.68366e-05 0.000311142
1.3025 0.000855218 0.0025 1.6121e-05 0.000294042
1.3075 0.000874851 0.0025 1.65028e-05 0.000301076
1.3125 0.000832945 0.0025 1.60239e-05 0.000286795
1.3175 0.000829004 0.0025 1.61265e-05 0.000285544
1.3225 0.000845292 0.0025 1.61614e-05 0.000291148
1.3275 0.000841839 0.0025 1.60905e-05 0.000290337
1.3325 0.000845658 0.0025 1.61517e-05 0.000291605
1.3375 0.000839458 0.0025 1.61033e-05 0.000289207
1.3425 0.000799288 0.0025 1.56339e-05 0.000275266
1.3475 0.000784769 0.0025 1.54893e-05 0.000270282
1.3525 0.000773992 0.0025 1.52357e-05 0.000266403
1.3575 0.000785095 0.0025 1.55582e-05 0.000270467
1.3625 0.000755863 0.0025 1.52634e-05 0.000260136
1.3675 0.000762594 0.0025 1.54419e-05 0.000262617
1.3725 0.000743817 0.0025 1.47445e-05 0.000255997
1.3775 0.000742651 0.0025 1.50605e-05 0.000255732
1.3825 0.000697896 0.0025 1.44384e-05 0.000240395
1.3875 0.000698652 0.0025 1.4559e-05 0.000240386
1.3925 0.000712869 0.0025 1.4575e-05 0.000245406
1.3975 0.000712161 0.0025 1.47918e-05 0.000245152
1.4025 0.000697255 0.0025 1.44113e-05 0.000240066
1.4075 0.000686018 0.0025 1.44279e-05 0.000236003
1.4125 0.000679287 0.0025 1.42856e-05 0.000233783
1.4175 0.000680362 0.0025 1.43352e-05 0.000234232
1.4225 0.000670378 0.0025 1.46723e-05 0.000230897
1.4275 0.000683025 0.0025 1.4744e-05 0.000235209
1.4325 0.000639157 0.0025 1.37353e-05 0.000219911
1.4375 0.000642926 0.0025 1.4211e-05 0.000221376
1.4425 0.000655044 0.0025 1.43111e-05 0.000225545
1.4475 0.000637796 0.0025 1.38592e-05 0.000219637
1.4525 0.000625396 0.0025 1.37346e-05 0.000215311
1.4575 0.000608807 0.0025 1.35364e-05 0.000209589
1.4625 0.000631468 0.0025 1.41633e-05 0.000217219
1.4675 0.000588909 0.0025 1.31466e-05 0.000202724
1.4725 0.00058357 0.0025 1.34393e-05 0.000200781
1.4775 0.000582419 0.0025 1.33081e-05 0.000200207
1.4825 0.000587325 0.0025 1.33631e-05 0.000201957
1.4875 0.000566882 0.0025 1.28218e-05 0.000194765
1.4925 0.000571129 0.0025 1.30732e-05 0.000196122
1.4975 0.000571125 0.0025 1.29075e-05 0.000196396
1.5025 0.000559934 0.0025 1.30303e-05 0.000192677
1.5075 0.000559935 0.0025 1.30344e-05 0.000192449
1.5125 0.000547188 0.0025 1.28202e-05 0.000188171
1.5175 0.000543147 0.0025 1.29017e-05 0.000186772
1.5225 0.000537711 0.0025 1.29716e-05 0.000184678
1.5275 0.000548427 0.0025 1.30372e-05 0.000188423
1.5325 0.000521774 0.0025 1.26223e-05 0.000179194
1.5375 0.000531195 0.0025 1.27556e-05 0.000182341
1.5425 0.000523783 0.0025 1.27552e-05 0.000180026
1.5475 0.000510904 0.0025 1.23443e-05 0.000175555
1.5525 0.000501827 0.0025 1.23308e-05 0.000172301
1.5575 0.000515107 0.0025 1.24177e-05 0.000176807
1.5625 0.000508481 0.0025 1.25113e-05 0.000174623
1.5675 0.000484975 0.0025 1.1996e-05 0.000166471
1.5725 0.00049539 0.0025 1.25879e-05 0.0001701
1.5775 0.000452625 0.0025 1.16697e-05 0.000155302
1.5825 0.000460809 0.0025 1.16949e-05 0.000158199
1.5875 0.000457276 0.0025 1.17008e-05 0.000156784
1.5925 0.000466438 0.0025 1.18688e-05 0.000159968
1.5975 0.000462963 0.0025 1.17637e-05 0.000158822
1.6025 0.000451229 0.0025 1.15308e-05 0.000154704
1.6075 0.000435357 0.0025 1.13063e-05 0.000149232
1.6125 0.000446921 0.0025 1.17108e-05 0.000153209
1.6175 0.000442968 0.0025 1.15316e-05 0.0001519
1.6225 0.000409118 0.0025 1.08655e-05 0.000140119
1.6275 0.000450903 0.0025 1.17773e-05 0.000154616
1.6325 0.000431651 0.0025 1.12702e-05 0.000147906
1.6375 0.00039722 0.0025 1.07088e-05 0.000136016
1.6425 0.000423065 0.0025 1.14606e-05 0.000144954
1.6475 0.000398394 0.0025 1.05003e-05 0.000136399
1.6525 0.000417214 0.0025 1.15423e-05 0.00014305
1.6575 0.000422449 0.0025 1.1473e-05 0.000144643
1.6625 0.000405842 0.0025 1.09901e-05 0.000138973
1.6675 0.000376595 0.0025 1.03458e-05 0.000128832
1.6725 0.000376015 0.0025 1.03841e-05 0.000128596
1.6775 0.000367978 0.0025 1.03098e-05 0.000125946
1.6825 0.000366272 0.0025 9.97592e-06 0.000125222
1.6875 0.000390827 0.0025 1.1013e-05 0.000133849
1.6925 0.000388197 0.0025 1.11301e-05 0.000132839
1.6975 0.000367484 0.0025 1.05415e-05 0.000125643
1.7025 0.000334505 0.0025 9.68961e-06 0.000114117
1.7075 0.000385319 0.0025 1.10032e-05 0.000131897
1.7125 0.000348408 0.0025 9.94668e-06 0.000118954
1.7175 0.000322991 0.0025 9.61349e-06 0.000110201
1.7225 0.000337099 0.0025 9.87892e-06 0.000115055
1.7275 0.000336112 0.0025 1.00297e-05 0.000114638
1.7325 0.000338553 0.0025 9.75951e-06 0.000115496
1.7375 0.000330308 0.0025 1.00628e-05 0.000112757
1.7425 0.000324474 0.0025 9.65842e-06 0.0001107
1.7475 0.000335019 0.0025 9.99737e-06 0.000114339
1.7525 0.000319318 0.0025 9.61307e-06 0.000108717
1.7575 0.000317452 0.0025 9.43727e-06 0.000108167
1.7625 0.000306255 0.0025 9.19842e-06 0.000104375
1.7675 0.000316311 0.0025 9.51964e-06 0.000107714
1.7725 0.000308336 0.0025 9.29306e-06 0.000105001
1.7775 0.000324103 0.0025 9.97674e-06 0.000110572
1.7825 0.000315951 0.0025 9.56079e-06 0.000107817
1.7875 0.000306095 0.0025 9.58294e-06 0.000104243
1.7925 0.00030157 0.0025 9.43856e-06 0.000102683
1.7975 0.000308677 0.0025 9.38058e-06 0.000105171
1.8025 0.000295857 0.0025 9.19154e-06 0.000100658
1.8075 0.000272901 0.0025 8.59654e-06 9.25198e-05
1.8125 0.000299123 0.0025 9.42804e-06 0.000102
1.8175 0.000281296 0.0025 9.11511e-06 9.56681e-05
1.8225 0.00027922 0.0025 8.90058e-06 9.48682e-05
1.8275 0.000274918 0.0025 8.85199e-06 9.34766e-05
1.8325 0.000280561 0.0025 8.87553e-06 9.54529e-05
1.8375 0.000281113 0.0025 9.00324e-06 9.55639e-05
1.8425 0.000274721 0.0025 8.71725e-06 9.34105e-05
1.8475 0.000259298 0.0025 8.33007e-06 8.7983e-05
1.8525 0.000260474 0.0025 8.48781e-06 8.84125e-05
1.8575 0.000258031 0.0025 8.54631e-06 8.76431e-05
1.8625 0.000259336 0.0025 8.48379e-06 8.80435e-05
1.8675 0.000256177 0.0025 8.61421e-06 8.68588e-05
1.8725 0.000243801 0.0025 8.23971e-06 8.25058e-05
1.8775 0.000249654 0.0025 8.3934e-06 8.47784e-05
1.8825 0.000250869 0.0025 8.59092e-06 8.50687e-05
1.8875 0.000243188 0.0025 8.18087e-06 8.24419e-05
1.8925 0.000220915 0.0025 7.7193e-06 7.45957e-05
1.8975 0.000252805 0.0025 8.70972e-06 8.58193e-05
1.9025 0.00024411 0.0025 8.20888e-06 8.27886e-05
1.9075 0.000224344 0.0025 7.78324e-06 7.58679e-05
1.9125 0.000218429 0.0025 7.64469e-06 7.37986e-05
1.9175 0.000235386 0.0025 8.24073e-06 7.97114e-05
1.9225 0.000218534 0.0025 7.79891e-06 7.38159e-05
1.9275 0.000235302 0.0025 7.94769e-06 7.96286e-05
1.9325 0.000227366 0.0025 7.95382e-06 7.69563e-05
1.9375 0.000212031 0.0025 7.53186e-06 7.13617e-05
1.9425 0.00022092 0.0025 7.55693e-06 7.46668e-05
1.9475 0.000215572 0.0025 7.79895e-06 7.28202e-05
1.9525 0.000202936 0.0025 7.43639e-06 6.83674e-05
1.9575 0.000224762 0.0025 8.13619e-06 7.60962e-05
1.9625 0.000202794 0.0025 7.34374e-06 6.83897e-05
1.9675 0.000205241 0.0025 7.54418e-06 6.92993e-05
1.9725 0.000207324 0.0025 7.58898e-06 6.99872e-05
1.9775 0.000198692 0.0025 7.36837e-06 6.70344e-05
1.9825 0.000193093 0.0025 7.17972e-06 6.50696e-05
1.9875 0.000205996 0.0025 7.50921e-06 6.95105e-05
1.9925 0.000198057 0.0025 7.14531e-06 6.68444e-05
1.9975 0.000202326 0.0025 7.52176e-06 6.82569e-05
2.0025 0.000197683 0.0025 7.18824e-06 6.66252e-05
2.0075 0.000193192 0.0025 7.18373e-06 6.50656e-05
2.0125 0.000188094 0.0025 7.25727e-06 6.3354e-05
2.0175 0.000190771 0.0025 7.36163e-06 6.42441e-05
2.0225 0.000189528 0.0025 7.16107e-06 6.38769e-05
2.0275 0.000184718 0.0025 7.09929e-06 6.21966e-05
2.0325 0.000182158 0.0025 7.0446e-06 6.12506e-05
2.0375 0.000186143 0.0025 7.08293e-06 6.26959e-05
2.0425 0.000176211 0.0025 7.02884e-06 5.92312e-05
2.0475 0.000171419 0.0025 6.69687e-06 5.7502e-05
2.0525 0.000184405 0.0025 7.10449e-06 6.20349e-05
2.0575 0.000176854 0.0025 6.87914e-06 5.9407e-05
2.0625 0.000174112 0.0025 7.01143e-06 5.84883e-05
2.0675 0.000172692 0.0025 7.16091e-06 5.80675e-05
2.0725 0.000179294 0.0025 7.1799e-06 6.02555e-05
2.0775 0.00016573 0.0025 6.46136e-06 5.55481e-05
2.0825 0.000161619 0.0025 6.45774e-06 5.41164e-05
2.0875 0.000165003 0.0025 6.59535e-06 5.53854e-05
2.0925 0.000173662 0.0025 7.4436e-06 5.83374e-05
2.0975 0.000166159 0.0025 6.8272e-06 5.56663e-05
2.1025 0.000148079 0.0025 5.93002e-06 4.93377e-05
2.1075 0.000158598 0.0025 6.54069e-06 5.30644e-05
2.1125 0.000162491 0.0025 6.62382e-06 5.44171e-05
2.1175 0.000159707 0.0025 6.30799e-06 5.33676e-05
2.1225 0.000162898 0.0025 6.69597e-06 5.44564e-05
2.1275 0.000148644 0.0025 6.10279e-06 4.96129e-05
2.1325 0.000154441 0.0025 6.5447e-06 5.15953e-05
2.1375 0.000149385 0.0025 6.22124e-06 4.98583e-05
2.1425 0.000145579 0.0025 5.8559e-06 4.85129e-05
2.1475 0.000157588 0.0025 6.58353e-06 5.27812e-05
2.1525 0.000140566 0.0025 5.83833e-06 4.67023e-05
2.1575 0.00014865 0.0025 6.37435e-06 4.96578e-05
2.1625 0.000145784 0.0025 6.29614e-06 4.83929e-05
2.1675 0.000139851 0.0025 5.99459e-06 4.6457e-05
2.1725 0.000141996 0.0025 5.87681e-06 4.7223e-05
2.1775 0.000130037 0.0025 5.59244e-06 4.31045e-05
2.1825 0.000141544 0.0025 5.83418e-06 4.70506e-05
2.1875 0.000141684 0.0025 6.02764e-06 4.70554e-05
2.1925 0.000141538 0.0025 6.08519e-06 4.70336e-05
2.1975 0.00012336 0.0025 5.31214e-06 4.0703e-05
2.2025 0.00012934 0.0025 5.37096e-06 4.2769e-05
2.2075 0.000125273 0.0025 5.3744e-06 4.1359e-05
2.2125 0.000133993 0.0025 5.70059e-06 4.43848e-05
2.2175 0.000128352 0.0025 5.81397e-06 4.24791e-05
2.2225 0.000128119 0.0025 5.56796e-06 4.23613e-05
2.2275 0.000132651 0.0025 5.80955e-06 4.38901e-05
2.2325 0.000137307 0.0025 5.80528e-06 4.54018e-05
2.2375 0.000129158 0.0025 5.61051e-06 4.26813e-05
2.2425 0.000126874 0.0025 5.50116e-06 4.19199e-05
2.2475 0.000126176 0.0025 5.55553e-06 4.17156e-05
2.2525 0.000133113 0.0025 6.02104e-06 4.40125e-05
2.2575 0.000124473 0.0025 5.49415e-06 4.10463e-05
2.2625 0.000121254 0.0025 5.61474e-06 3.99291e-05
2.2675 0.000115059 0.0025 5.13257e-06 3.77157e-05
2.2725 0.000113379 0.0025 5.02443e-06 3.70427e-05
2.2775 0.000115112 0.0025 5.32235e-06 3.77671e-05
2.2825 0.000111273 0.0025 4.91579e-06 3.63733e-05
2.2875 0.000119228 0.0025 5.48686e-06 3.91944e-05
2.2925 0.000111771 0.0025 5.14869e-06 3.64754e-05
2.2975 0.00010864 0.0025 5.47508e-06 3.54611e-05
2.3025 0.000112963 0.0025 5.26605e-06 3.69226e-05
2.3075 0.000102694 0.0025 4.81827e-06 3.33489e-05
2.3125 0.000114308 0.0025 5.29812e-06 3.73808e-05
2.3175 0.000116669 0.0025 5.34967e-06 3.82894e-05
2.3225 0.000106815 0.0025 5.24207e-06 3.48224e-05
2.3275 0.000110113 0.0025 5.16525e-06 3.59683e-05
2.3325 9.94091e-05 0.0025 4.63395e-06 3.22603e-05
2.3375 0.0001093 0.0025 5.16534e-06 3.56334e-05
2.3425 0.000111016 0.0025 5.21434e-06 3.61159e-05
2.3475 9.55003e-05 0.0025 4.31898e-06 3.07859e-05
2.3525 0.000101009 0.0025 4.93263e-06 3.26897e-05
2.3575 0.000101879 0.0025 4.80971e-06 3.29984e-05
2.3625 0.000109006 0.0025 5.27138e-06 3.54723e-05
2.3675 0.000102318 0.0025 4.7717e-06 3.31693e-05
2.3725 0.000104264 0.0025 4.99678e-06 3.38063e-05
2.3775 0.000105708 0.0025 4.94026e-06 3.44428e-05
2.3825 9.75816e-05 0.0025 4.62113e-06 3.14168e-05
2.3875 0.000104105 0.0025 4.90605e-06 3.3765e-05
2.3925 9.84217e-05 0.0025 4.693e-06 3.18357e-05
2.3975 9.90428e-05 0.0025 4.77988e-06 3.19415e-05
2.4025 9.58201e-05 0.0025 4.67378e-06 3.08367e-05
2.4075 9.06477e-05 0.0025 4.35919e-06 2.90916e-05
2.4125 9.51101e-05 0.0025 4.46317e-06 3.05318e-05
2.4175 0.000101065 0.0025 4.6479e-06 3.25631e-05
2.4225 9.5523e-05 0.0025 4.74938e-06 3.0661e-05
2.4275 9.38102e-05 0.0025 4.42309e-06 3.00879e-05
2.4325 9.48464e-05 0.0025 4.49684e-06 3.04201e-05
2.4375 9.05886e-05 0.0025 4.55763e-06 2.89207e-05
2.4425 8.3822e-05 0.0025 3.93364e-06 2.65441e-05
2.4475 9.53748e-05 0.0025 4.62665e-06 3.0625e-05
2.4525 0.00010042 0.0025 4.89379e-06 3.23836e-05
2.4575 8.49296e-05 0.0025 3.93326e-06 2.69744e-05
2.4625 8.46818e-05 0.0025 4.25174e-06 2.67294e-05
2.4675 9.37209e-05 0.0025 4.54321e-06 2.99783e-05
2.4725 8.9437e-05 0.0025 4.38963e-06 2.84872e-05
2.4775 8.43008e-05 0.0025 3.92777e-06 2.65148e-05
2.4825 8.51105e-05 0.0025 4.01467e-06 2.68786e-05
2.4875 8.8071e-05 0.0025 4.16252e-06 2.79207e-05
2.4925 9.27806e-05 0.0025 4.44701e-06 2.94967e-05
2.4975 8.71058e-05 0.0025 4.24966e-06 2.7603e-05
2.5025 8.35739e-05 0.0025 4.19599e-06 2.63545e-05
2.5075 8.7608e-05 0.0025 4.44704e-06 2.77372e-05
2.5125 8.49654e-05 0.0025 4.10079e-06 2.67797e-05
2.5175 8.4672e-05 0.0025 4.34377e-06 2.66721e-05
2.5225 8.86055e-05 0.0025 4.5706e-06 2.80275e-05
2.5275 8.87605e-05 0.0025 4.16803e-06 2.80332e-05
2.5325 8.02998e-05 0.0025 4.2085e-06 2.51352e-05
2.5375 7.68885e-05 0.0025 3.57373e-06 2.3896e-05
2.5425 8.8894e-05 0.0025 4.87383e-06 2.80466e-05
2.5475 7.60302e-05 0.0025 3.75616e-06 2.35461e-05
2.5525 7.31847e-05 0.0025 3.61266e-06 2.24161e-05
2.5575 7.71847e-05 0.0025 3.86246e-06 2.39034e-05
2.5625 7.81376e-05 0.0025 3.91359e-06 2.41965e-05
2.5675 8.21242e-05 0.0025 4.191e-06 2.55485e-05
2.5725 8.01804e-05 0.0025 3.90297e-06 2.47628e-05
2.5775 7.73489e-05 0.0025 3.70032e-06 2.37503e-05
2.5825 7.96803e-05 0.0025 4.10177e-06 2.45954e-05
2.5875 8.10781e-05 0.0025 4.02801e-06 2.50713e-05
2.5925 7.54591e-05 0.0025 3.77874e-06 2.30488e-05
2.5975 7.79636e-05 0.0025 4.14252e-06 2.39413e-05
2.6025 7.99394e-05 0.0025 4.02055e-06 2.4546e-05
2.6075 7.32807e-05 0.0025 3.60238e-06 2.22777e-05
2.6125 8.16283e-05 0.0025 4.15697e-06 2.51654e-05
2.6175 6.92167e-05 0.0025 3.1671e-06 2.06508e-05
2.6225 7.60007e-05 0.0025 3.9358e-06 2.30869e-05
2.6275 7.17713e-05 0.0025 3.35027e-06 2.16926e-05
2.6325 7.62928e-05 0.0025 3.79634e-06 2.31681e-05
2.6375 7.42773e-05 0.0025 3.76136e-06 2.23573e-05
2.6425 7.17119e-05 0.0025 3.63773e-06 2.15376e-05
2.6475 7.69459e-05 0.0025 3.81588e-06 2.32806e-05
2.6525 7.27327e-05 0.0025 3.82067e-06 2.17508e-05
2.6575 7.26817e-05 0.0025 3.5604e-06 2.16516e-05
2.6625 6.81328e-05 0.0025 3.30845e-06 2.00542e-05
2.6675 6.63357e-05 0.0025 3.03078e-06 1.9474e-05
2.6725 7.11296e-05 0.0025 3.70199e-06 2.10599e-05
2.6775 6.77175e-05 0.0025 3.12389e-06 1.98077e-05
2.6825 7.22289e-05 0.0025 3.56408e-06 2.13402e-05
2.6875 6.7373e-05 0.0025 3.28009e-06 1.95561e-05
2.6925 7.00896e-05 0.0025 3.16909e-06 2.05581e-05
2.6975 6.73368e-05 0.0025 3.33843e-06 1.95961e-05
2.7025 7.48719e-05 0.0025 3.66251e-06 2.20448e-05
2.7075 6.62309e-05 0.0025 3.22048e-06 1.89263e-05
2.7125 6.76358e-05 0.0025 2.99403e-06 1.93248e-05
2.7175 7.24477e-05 0.0025 3.53832e-06 2.09739e-05
2.7225 7.357e-05 0.0025 3.6549e-06 2.14102e-05
2.7275 7.13232e-05 0.0025 3.26557e-06 2.06166e-05
2.7325 6.98153e-05 0.0025 3.1803e-06 1.99929e-05
2.7375 7.26124e-05 0.0025 3.53774e-06 2.0691e-05
2.7425 7.31209e-05 0.0025 3.42499e-06 2.0957e-05
2.7475 7.06656e-05 0.0025 3.23566e-06 2.01053e-05
2.7525 7.3326e-05 0.0025 3.60564e-06 2.0865e-05
2.7575 7.01549e-05 0.0025 3.3638e-06 1.96707e-05
2.7625 7.20726e-05 0.0025 3.6715e-06 2.02645e-05
2.7675 7.01298e-05 0.0025 3.1376e-06 1.94488e-05
2.7725 6.70803e-05 0.0025 2.67628e-06 1.84226e-05
2.7775 7.2744e-05 0.0025 3.2638e-06 2.01869e-05
2.7825 6.59836e-05 0.0025 2.90784e-06 1.78891e-05
2.7875 7.20582e-05 0.0025 2.93069e-06 1.97856e-05
2.7925 7.94423e-05 0.0025 3.7428e-06 2.23493e-05
2.7975 6.96529e-05 0.0025 3.15251e-06 1.88841e-05
2.8025 6.7366e-05 0.0025 2.84573e-06 1.79359e-05
2.8075 7.58993e-05 0.0025 3.32074e-06 2.07575e-05
2.8125 6.97928e-05 0.0025 3.06022e-06 1.85561e-05
2.8175 7.35545e-05 0.0025 3.2805e-06 1.98016e-05
2.8225 7.27989e-05 0.0025 3.3025e-06 1.95183e-05
2.8275 7.42251e-05 0.0025 3.35466e-06 1.97633e-05
2.8325 6.95074e-05 0.0025 2.61479e-06 1.79092e-05
2.8375 7.04604e-05 0.0025 2.73248e-06 1.8057e-05
2.8425 7.51319e-05 0.0025 3.10969e-06 1.96407e-05
2.8475 7.66263e-05 0.0025 3.25914e-06 1.98936e-05
2.8525 7.84811e-05 0.0025 3.275e-06 2.03489e-05
2.8575 7.20789e-05 0.0025 2.48501e-06 1.79063e-05
2.8625 7.73458e-05 0.0025 3.24681e-06 1.97444e-05
2.8675 8.40197e-05 0.0025 3.40388e-06 2.16283e-05
2.8725 7.71784e-05 0.0025 3.00122e-06 1.91811e-05
2.8775 8.29724e-05 0.0025 3.22551e-06 2.09588e-05
2.8825 8.03546e-05 0.0025 3.05986e-06 1.98825e-05
2.8875 8.52204e-05 0.0025 3.31503e-06 2.12005e-05
2.8925 8.12254e-05 0.0025 3.14962e-06 1.95577e-05
2.8975 8.70773e-05 0.0025 2.96447e-06 2.12813e-05
2.9025 8.64742e-05 0.0025 3.12567e-06 2.07307e-05
2.9075 9.17747e-05 0.0025 3.30153e-06 2.22759e-05
2.9125 8.34326e-05 0.0025 2.32526e-06 1.90684e-05
2.9175 9.40158e-05 0.0025 3.2864e-06 2.24071e-05
2.9225 8.75257e-05 0.0025 2.52626e-06 1.96634e-05
2.9275 9.19927e-05 0.0025 2.59745e-06 2.08886e-05
2.9325 9.40731e-05 0.0025 2.67931e-06 2.12153e-05
2.9375 0.00010035 0.0025 3.0251e-06 2.26707e-05
2.9425 0.000102478 0.0025 2.75975e-06 2.28549e-05
2.9475 0.000104755 0.0025 3.25731e-06 2.29992e-05
2.9525 0.000106256 0.0025 2.96878e-06 2.30553e-05
2.9575 0.000105462 0.0025 2.28402e-06 2.21011e-05
2.9625 0.00011825 0.0025 3.17612e-06 2.53781e-05
2.9675 0.000116604 0.0025 2.51718e-06 2.39751e-05
2.9725 0.000120779 0.0025 2.31801e-06 2.42287e-05
2.9775 0.000129396 0.0025 2.59538e-06 2.62057e-05
2.9825 0.000142665 0.0025 3.26859e-06 2.90052e-05
2.9875 0.000146064 0.0025 2.79203e-06 2.86471e-05
2.9925 0.000153762 0.0025 2.67895e-06 2.95032e-05
2.9975 0.000168032 0.0025 2.92207e-06 3.21513e-05
3.0025 0.000183691 0.0025 2.76454e-06 3.4725e-05
3.0075 0.000196043 0.0025 2.88946e-06 3.65019e-05
3.0125 0.000215758 0.0025 2.84625e-06 3.9358e-05
3.0175 0.000236611 0.0025 2.95326e-06 4.21748e-05
3.0225 0.000264111 0.0025 2.83522e-06 4.61747e-05
3.0275 0.000299817 0.0025 2.81655e-06 5.16556e-05
3.0325 0.000335604 0.0025 2.12012e-06 5.56447e-05
3.0375 0.000398436 0.0025 2.48405e-06 6.5698e-05
3.0425 0.000470444 0.0025 2.72958e-06 7.66816e-05
3.0475 0.000554684 0.0025 2.74038e-06 8.96826e-05
3.0525 0.000651158 0.0025 2.79748e-06 0.000103858
3.0575 0.000762311 0.0025 2.87978e-06 0.000120259
3.0625 0.000886873 0.0025 2.93135e-06 0.000139718
3.0675 0.000995976 0.0025 2.95627e-06 0.000155939
3.0725 0.00111894 0.0025 3.10471e-06 0.000173951
3.0775 0.00122046 0.0025 2.92265e-06 0.000188516
3.0825 0.00130652 0.0025 3.29895e-06 0.000202023
3.0875 0.0013631 0.0025 2.98506e-06 0.000209951
3.0925 0.00137647 0.0025 3.1356e-06 0.000212483
3.0975 0.00136039 0.0025 3.32822e-06 0.000210275
3.1025 0.00130432 0.0025 3.15899e-06 0.000201703
3.1075 0.00121571 0.0025 2.99778e-06 0.000188104
3.1125 0.00110978 0.0025 2.87664e-06 0.000172149
3.1175 0.000988645 0.0025 3.00399e-06 0.000153821
3.1225 0.000853603 0.0025 2.77681e-06 0.000132986
3.1275 0.000730883 0.0025 2.63482e-06 0.000115052
3.1325 0.000614369 0.0025 2.88368e-06 9.77555e-05
3.1375 0.00049987 0.0025 2.28975e-06 8.0211e-05
3.1425 0.000407543 0.0025 2.17891e-06 6.59424e-05
3.1475 0.000333623 0.0025 2.44317e-06 5.50637e-05
3.1525 0.000270784 0.0025 2.44138e-06 4.55787e-05
3.1575 0.000227766 0.0025 2.6253e-06 3.9837e-05
3.1625 0.000189645 0.0025 2.40022e-06 3.39833e-05
3.1675 0.0001589 0.0025 2.3553e-06 2.96301e-05
3.1725 0.000135214 0.0025 2.84799e-06 2.62415e-05
3.1775 0.000115578 0.0025 2.43247e-06 2.28255e-05
3.1825 0.000103374 0.0025 2.34329e-06 2.10889e-05
3.1875 9.09358e-05 0.0025 2.34932e-06 1.89955e-05
3.1925 7.65219e-05 0.0025 2.09271e-06 1.58653e-05
3.1975 7.36208e-05 0.0025 2.27252e-06 1.62227e-05
3.2025 6.33071e-05 0.0025 1.80261e-06 1.4143e-05
3.2075 5.92292e-05 0.0025 2.14677e-06 1.36957e-05
3.2125 5.46452e-05 0.0025 1.81248e-06 1.28113e-05
3.2175 5.1334e-05 0.0025 1.92892e-06 1.24746e-05
3.2225 4.97091e-05 0.0025 1.86823e-06 1.23951e-05
3.2275 5.04602e-05 0.0025 2.39489e-06 1.30475e-05
3.2325 4.6512e-05 0.0025 2.4149e-06 1.22428e-05
3.2375 4.13405e-05 0.0025 1.68031e-06 1.07705e-05
3.2425 4.44547e-05 0.0025 2.54322e-06 1.22126e-05
3.2475 3.76366e-05 0.0025 1.98887e-06 1.00934e-05
3.2525 3.92883e-05 0.0025 2.14169e-06 1.08802e-05
3.2575 3.91592e-05 0.0025 2.14763e-06 1.09686e-05
3.2625 3.57408e-05 0.0025 2.20626e-06 9.97576e-06
3.2675 3.56651e-05 0.0025 2.25427e-06 1.00941e-05
3.2725 3.40249e-05 0.0025 2.00889e-06 9.58835e-06
3.2775 2.99336e-05 0.0025 1.51997e-06 8.38443e-06
3.2825 3.31663e-05 0.0025 2.18566e-06 9.61572e-06
3.2875 3.14994e-05 0.0025 2.1385e-06 9.12584e-06
3.2925 3.14473e-05 0.0025 2.26918e-06 9.16269e-06
3.2975 3.04952e-05 0.0025 1.6119e-06 8.8994e-06
3.3025 3.4033e-05 0.0025 2.52551e-06 1.02188e-05
3.3075 2.87864e-05 0.0025 1.77996e-06 8.43442e-06
3.3125 2.94136e-05 0.0025 2.09886e-06 8.75805e-06
3.3175 2.98216e-05 0.0025 1.98737e-06 8.91955e-06
3.3225 3.23739e-05 0.0025 2.45761e-06 9.91427e-06
3.3275 2.51072e-05 0.0025 1.58707e-06 7.37819e-06
3.3325 2.95408e-05 0.0025 2.24975e-06 8.996e-06
3.3375 2.74157e-05 0.0025 1.71866e-06 8.25188e-06
3.3425 2.49134e-05 0.0025 1.64654e-06 7.4502e-06
3.3475 2.81407e-05 0.0025 1.84453e-06 8.56136e-06
3.3525 2.38374e-05 0.0025 1.8024e-06 7.16272e-06
3.3575 2.80768e-05 0.0025 2.06595e-06 8.66643e-06
3.3625 2.42835e-05 0.0025 1.43773e-06 7.3605e-06
3.3675 2.60302e-05 0.0025 1.91311e-06 7.98834e-06
3.3725 2.23703e-05 0.0025 1.20992e-06 6.71293e-06
3.3775 2.85927e-05 0.0025 1.95818e-06 8.89193e-06
3.3825 2.72106e-05 0.0025 2.19882e-06 8.4982e-06
3.3875 2.74846e-05 0.0025 1.8281e-06 8.60209e-06
3.3925 2.41311e-05 0.0025 1.76018e-06 7.38152e-06
3.3975 2.6001e-05 0.0025 1.97828e-06 8.1118e-06
3.4025 2.5023e-05 0.0025 1.92362e-06 7.75045e-06
3.4075 2.59249e-05 0.0025 1.7699e-06 8.02e-06
3.4125 2.6159e-05 0.0025 1.91772e-06 8.13981e-06
3.4175 2.26803e-05 0.0025 1.53779e-06 6.93998e-06
3.4225 2.08831e-05 0.0025 1.28195e-06 6.36536e-06
3.4275 2.69988e-05 0.0025 2.3307e-06 8.50589e-06
3.4325 2.59243e-05 0.0025 1.96677e-06 8.0973e-06
3.4375 2.19956e-05 0.0025 1.3728e-06 6.77988e-06
3.4425 2.50781e-05 0.0025 1.63656e-06 7.8598e-06
3.4475 2.10983e-05 0.0025 1.72578e-06 6.49126e-06
3.4525 2.18109e-05 0.0025 1.39056e-06 6.74518e-06
3.4575 2.23228e-05 0.0025 1.58123e-06 6.8904e-06
3.4625 2.05427e-05 0.0025 1.53341e-06 6.33217e-06
3.4675 2.28915e-05 0.0025 1.72954e-06 7.13237e-06
3.4725 2.25789e-05 0.0025 1.73526e-06 7.02812e-06
3.4775 2.33357e-05 0.0025 1.58603e-06 7.28653e-06
3.4825 2.27826e-05 0.0025 1.38292e-06 7.07404e-06
3.4875 2.15394e-05 0.0025 1.58851e-06 6.70175e-06
3.4925 2.14364e-05 0.0025 1.71683e-06 6.66873e-06
3.4975 2.35107e-05 0.0025 1.61223e-06 7.32149e-06
3.5025 2.02839e-05 0.0025 1.49189e-06 6.26234e-06
3.5075 2.38931e-05 0.0025 1.76079e-06 7.49963e-06
3.5125 2.23487e-05 0.0025 1.93465e-06 6.99249e-06
3.5175 2.12294e-05 0.0025 1.915e-06 6.64629e-06
3.5225 2.26497e-05 0.0025 1.84111e-06 7.1036e-06
3.5275 1.98836e-05 0.0025 1.20233e-06 6.12679e-06
3.5325 2.51241e-05 0.0025 2.00628e-06 7.95157e-06
3.5375 2.31277e-05 0.0025 1.68733e-06 7.25215e-06
3.5425 2.08412e-05 0.0025 1.42543e-06 6.41949e-06
3.5475 2.18505e-05 0.0025 1.75075e-06 6.79728e-06
3.5525 2.10791e-05 0.0025 1.67284e-06 6.53092e-06
3.5575 1.99863e-05 0.0025 1.29587e-06 6.14481e-06
3.5625 2.31861e-05 0.0025 1.78308e-06 7.27068e-06
3.5675 1.96204e-05 0.0025 1.12338e-06 5.96488e-06
3.5725 1.96651e-05 0.0025 1.36641e-06 6.02272e-06
3.5775 1.99949e-05 0.0025 1.24693e-06 6.12028e-06
3.5825 2.17958e-05 0.0025 1.62062e-06 6.69444e-06
3.5875 2.25314e-05 0.0025 1.46164e-06 6.9507e-06
3.5925 2.39866e-05 0.0025 1.67183e-06 7.43759e-06
3.5975 2.5709e-05 0.0025 1.9104e-06 8.00785e-06
3.6025 2.10757e-05 0.0025 1.04511e-06 6.33428e-06
3.6075 2.1663e-05 0.0025 1.14712e-06 6.51423e-06
3.6125 2.54001e-05 0.0025 1.58947e-06 7.73145e-06
3.6175 2.575e-05 0.0025 1.65904e-06 7.78162e-06
3.6225 2.43996e-05 0.0025 1.36607e-06 7.2943e-06
3.6275 2.52874e-05 0.0025 1.12396e-06 7.50387e-06
3.6325 2.78945e-05 0.0025 1.39576e-06 8.30386e-06
3.6375 3.25496e-05 0.0025 1.7203e-06 9.83296e-06
3.6425 3.22023e-05 0.0025 1.89848e-06 9.60353e-06
3.6475 3.39505e-05 0.0025 1.64053e-06 1.01179e-05
3.6525 3.23337e-05 0.0025 1.27362e-06 9.49316e-06
3.6575 3.42848e-05 0.0025 1.59571e-06 1.00321e-05
3.6625 3.47923e-05 0.0025 1.39567e-06 1.01589e-05
3.6675 3.35322e-05 0.0025 1.03664e-06 9.6894e-06
3.6725 3.53917e-05 0.0025 1.37279e-06 1.02702e-05
3.6775 3.89059e-05 0.0025 2.1688e-06 1.15349e-05
3.6825 3.59505e-05 0.0025 1.47643e-06 1.04395e-05
3.6875 3.73554e-05 0.0025 2.1244e-06 1.09829e-05
3.6925 3.89017e-05 0.0025 1.72321e-06 1.15436e-05
3.6975 3.38934e-05 0.0025 1.143e-06 9.84968e-06
3.7025 3.16994e-05 0.0025 1.33932e-06 9.20514e-06
3.7075 3.13711e-05 0.0025 1.16846e-06 9.1628e-06
3.7125 3.0627e-05 0.0025 1.54128e-06 9.01423e-06
3.7175 3.08558e-05 0.0025 1.83863e-06 9.18402e-06
3.7225 3.06733e-05 0.0025 1.75041e-06 9.26093e-06
3.7275 2.57588e-05 0.0025 1.48087e-06 7.68306e-06
3.7325 2.62775e-05 0.0025 1.5662e-06 7.91932e-06
3.7375 2.31158e-05 0.0025 1.21935e-06 6.91843e-06
3.7425 2.23399e-05 0.0025 1.45534e-06 6.76444e-06
3.7475 2.2861e-05 0.0025 1.71453e-06 6.989e-06
3.7525 2.04027e-05 0.0025 1.2222e-06 6.2019e-06
3.7575 1.98096e-05 0.0025 1.36774e-06 6.04063e-06
3.7625 1.62282e-05 0.0025 9.33505e-07 4.89792e-06
3.7675 1.71526e-05 0.0025 1.28474e-06 5.2453e-06
3.7725 1.65561e-05 0.0025 1.25988e-06 5.07685e-06
3.7775 1.89694e-05 0.0025 1.46203e-06 5.90604e-06
3.7825 1.7282e-05 0.0025 1.57976e-06 5.36909e-06
3.7875 1.65726e-05 0.0025 1.1245e-06 5.12269e-06
3.7925 1.89083e-05 0.0025 1.73844e-06 5.96915e-06
3.7975 1.69754e-05 0.0025 1.4848e-06 5.31265e-06
3.8025 1.66798e-05 0.0025 1.3799e-06 5.19797e-06
3.8075 1.60962e-05 0.0025 1.62511e-06 5.05951e-06
3.8125 1.60569e-05 0.0025 1.4918e-06 5.00337e-06
3.8175 1.43137e-05 0.0025 1.01951e-06 4.4273e-06
3.8225 1.58006e-05 0.0025 1.22331e-06 4.92658e-06
3.8275 1.5479e-05 0.0025 1.13263e-06 4.82191e-06
3.8325 1.64868e-05 0.0025 1.27016e-06 5.20807e-06
3.8375 1.44185e-05 0.0025 1.11354e-06 4.5067e-06
3.8425 1.55436e-05 0.0025 1.16901e-06 4.86363e-06
3.8475 1.5177e-05 0.0025 1.66983e-06 4.76097e-06
3.8525 1.4557e-05 0.0025 1.33251e-06 4.5581e-06
3.8575 1.67944e-05 0.0025 1.65648e-06 5.32555e-06
3.8625 1.34873e-05 0.0025 8.77678e-07 4.16396e-06
3.8675 1.49796e-05 0.0025 1.42807e-06 4.65969e-06
3.8725 1.29081e-05 0.0025 1.16639e-06 4.01015e-06
3.8775 1.57437e-05 0.0025 1.46467e-06 4.981e-06
3.8825 1.45547e-05 0.0025 1.54087e-06 4.58368e-06
3.8875 1.38174e-05 0.0025 1.05901e-06 4.29836e-06
3.8925 1.53517e-05 0.0025 1.78677e-06 4.88525e-06
3.8975 1.40512e-05 0.0025 1.15657e-06 4.39595e-06
3.9025 1.30841e-05 0.0025 9.4093e-07 4.0564e-06
3.9075 1.51608e-05 0.0025 1.21365e-06 4.7408e-06
3.9125 1.52905e-05 0.0025 1.37269e-06 4.80471e-06
3.9175 1.37618e-05 0.0025 1.03829e-06 4.30579e-06
3.9225 1.33087e-05 0.0025 1.28035e-06 4.16e-06
3.9275 1.57532e-05 0.0025 1.65821e-06 4.99486e-06
3.9325 1.29512e-05 0.0025 8.70395e-07 3.98833e-06
3.9375 1.14321e-05 0.0025 7.8019e-07 3.51739e-06
3.9425 1.34585e-05 0.0025 1.35936e-06 4.23794e-06
3.9475 1.25026e-05 0.0025 1.02707e-06 3.90105e-06
3.9525 1.3836e-05 0.0025 1.2852e-06 4.35035e-06
3.9575 1.55449e-05 0.0025 1.44934e-06 4.92289e-06
3.9625 1.22265e-05 0.0025 8.97363e-07 3.77667e-06
3.9675 1.40917e-05 0.0025 1.38376e-06 4.44305e-06
3.9725 1.31607e-05 0.0025 9.45955e-07 4.08561e-06
3.9775 1.3123e-05 0.0025 1.42986e-06 4.1125e-06
3.9825 1.13899e-05 0.0025 7.04954e-07 3.48792e-06
3.9875 1.41463e-05 0.0025 1.61456e-06 4.50401e-06
3.9925 1.20427e-05 0.0025 7.8409e-07 3.69588e-06
3.9975 1.11459e-05 0.0025 8.43777e-07 3.45584e-06
4.0025 1.24096e-05 0.0025 1.06858e-06 3.87411e-06
4.0075 1.38944e-05 0.0025 1.19515e-06 4.382e-06
4.0125 1.1392e-05 0.0025 8.6036e-07 3.50419e-06
4.0175 1.19055e-05 0.0025 1.01077e-06 3.72854e-06
4.0225 1.30784e-05 0.0025 1.62754e-06 4.11859e-06
4.0275 1.44838e-05 0.0025 1.41668e-06 4.57331e-06
4.0325 1.24238e-05 0.0025 1.16922e-06 3.89488e-06
4.0375 1.33068e-05 0.0025 1.25445e-06 4.16507e-06
4.0425 1.22733e-05 0.0025 1.18969e-06 3.83463e-06
4.0475 1.15647e-05 0.0025 1.04032e-06 3.61793e-06
4.0525 1.17162e-05 0.0025 9.6567e-07 3.65951e-06
4.0575 1.09121e-05 0.0025 8.67047e-07 3.37613e-06
4.0625 1.16584e-05 0.0025 8.1118e-07 3.6042e-06
4.0675 1.32044e-05 0.0025 1.3683e-06 4.17421e-06
4.0725 1.25152e-05 0.0025 1.21556e-06 3.924e-06
4.0775 1.04709e-05 0.0025 8.29016e-07 3.25839e-06
4.0825 1.15606e-05 0.0025 1.22879e-06 3.63002e-06
4.0875 1.1333e-05 0.0025 9.57769e-07 3.53737e-06
4.0925 1.18182e-05 0.0025 9.38164e-07 3.6632e-06
4.0975 1.05584e-05 0.0025 1.06405e-06 3.25215e-06
4.1025 1.1952e-05 0.0025 8.5219e-07 3.72433e-06
4.1075 9.91615e-06 0.0025 8.0892e-07 3.06131e-06
4.1125 1.03144e-05 0.0025 7.48714e-07 3.17681e-06
4.1175 1.19934e-05 0.0025 1.51541e-06 3.80582e-06
4.1225 9.50991e-06 0.0025 6.92977e-07 2.92904e-06
4.1275 1.02647e-05 0.0025 8.99013e-07 3.2126e-06
4.1325 1.12596e-05 0.0025 1.14341e-06 3.48628e-06
4.1375 1.13126e-05 0.0025 9.30959e-07 3.5073e-06
4.1425 9.60972e-06 0.0025 6.67363e-07 2.94296e-06
4.1475 1.19862e-05 0.0025 1.2649e-06 3.764e-06
4.1525 1.12877e-05 0.0025 1.16515e-06 3.51362e-06
4.1575 1.13416e-05 0.0025 1.15797e-06 3.52588e-06
4.1625 1.02897e-05 0.0025 9.64896e-07 3.21206e-06
4.1675 9.64873e-06 0.0025 6.36693e-07 2.94819e-06
4.1725 9.75903e-06 0.0025 7.83536e-07 3.02947e-06
4.1775 1.05563e-05 0.0025 1.12521e-06 3.28299e-06
4.1825 1.07536e-05 0.0025 1.15929e-06 3.3568e-06
4.1875 9.86884e-06 0.0025 1.02139e-06 3.03017e-06
4.1925 1.04578e-05 0.0025 8.17953e-07 3.26981e-06
4.1975 8.7337e-06 0.0025 6.91426e-07 2.67881e-06
4.2025 1.04452e-05 0.0025 8.93029e-07 3.26191e-06
4.2075 1.03612e-05 0.0025 1.12255e-06 3.23432e-06
4.2125 9.46214e-06 0.0025 7.81502e-07 2.92414e-06
4.2175 1.24661e-05 0.0025 1.54668e-06 3.95755e-06
4.2225 8.97303e-06 0.0025 6.83079e-07 2.74903e-06
4.2275 9.38084e-06 0.0025 8.46865e-07 2.91681e-06
4.2325 1.00523e-05 0.0025 7.89307e-07 3.11985e-06
4.2375 1.19006e-05 0.0025 1.44425e-06 3.75121e-06
4.2425 1.0056e-05 0.0025 9.14283e-07 3.13104e-06
4.2475 1.05795e-05 0.0025 1.16884e-06 3.31362e-06
4.2525 9.16784e-06 0.0025 6.85983e-07 2.80411e-06
4.2575 1.15335e-05 0.0025 1.27401e-06 3.63137e-06
4.2625 1.13938e-05 0.0025 1.47221e-06 3.60742e-06
4.2675 1.0141e-05 0.0025 9.14822e-07 3.15797e-06
4.2725 1.10284e-05 0.0025 1.01443e-06 3.45823e-06
4.2775 1.09491e-05 0.0025 1.05669e-06 3.46642e-06
4.2825 6.70715e-06 0.0025 3.91998e-07 2.01534e-06
4.2875 8.85205e-06 0.0025 7.30863e-07 2.73135e-06
4.2925 8.14282e-06 0.0025 5.60648e-07 2.47265e-06
4.2975 8.71306e-06 0.0025 9.89266e-07 2.68496e-06
4.3025 8.93435e-06 0.0025 6.37811e-07 2.74238e-06
4.3075 7.64983e-06 0.0025 4.69116e-07 2.31819e-06
4.3125 1.02492e-05 0.0025 1.15988e-06 3.21155e-06
4.3175 8.72092e-06 0.0025 6.96572e-07 2.68658e-06
4.3225 9.56711e-06 0.0025 1.23956e-06 3.0322e-06
4.3275 9.46845e-06 0.0025 8.39126e-07 2.95085e-06
4.3325 9.92363e-06 0.0025 1.20275e-06 3.12961e-06
4.3375 8.95279e-06 0.0025 6.32721e-07 2.73647e-06
4.3425 1.11504e-05 0.0025 1.10705e-06 3.52268e-06
4.3475 1.07534e-05 0.0025 1.25176e-06 3.39013e-06
4.3525 9.67973e-06 0.0025 8.62211e-07 3.01395e-06
4.3575 9.02692e-06 0.0025 7.66392e-07 2.78694e-06
4.3625 1.11887e-05 0.0025 1.62285e-06 3.55629e-06
4.3675 9.68294e-06 0.0025 1.19264e-06 3.05085e-06
4.3725 9.90401e-06 0.0025 1.40656e-06 3.12385e-06
4.3775 8.5167e-06 0.0025 7.4686e-07 2.62883e-06
4.3825 8.33202e-06 0.0025 7.20705e-07 2.5848e-06
4.3875 8.74081e-06 0.0025 6.2116e-07 2.67749e-06
4.3925 7.92951e-06 0.0025 6.90898e-07 2.45061e-06
4.3975 1.03712e-05 0.0025 1.30647e-06 3.28363e-06
4.4025 8.5269e-06 0.0025 7.85914e-07 2.64542e-06
4.4075 8.73817e-06 0.0025 7.53425e-07 2.71747e-06
4.4125 7.85307e-06 0.0025 8.03814e-07 2.44212e-06
4.4175 1.03988e-05 0.0025 1.22694e-06 3.28379e-06
4.4225 7.52492e-06 0.0025 4.5865e-07 2.27955e-06
4.4275 8.79304e-06 0.0025 8.7011e-07 2.7345e-06
4.4325 8.80456e-06 0.0025 7.28776e-07 2.72869e-06
4.4375 8.05183e-06 0.0025 7.03141e-07 2.47422e-06
4.4425 9.41364e-06 0.0025 1.18757e-06 2.97075e-06
4.4475 7.74797e-06 0.0025 5.67504e-07 2.36251e-06
4.4525 8.9241e-06 0.0025 1.10879e-06 2.80414e-06
4.4575 7.70053e-06 0.0025 6.90405e-07 2.38835e-06
4.4625 7.95012e-06 0.0025 5.8156e-07 2.42709e-06
4.4675 8.1411e-06 0.0025 7.48014e-07 2.51709e-06
4.4725 8.27033e-06 0.0025 6.42788e-07 2.55581e-06
4.4775 9.6389e-06 0.0025 1.11119e-06 3.01871e-06
4.4825 8.9378e-06 0.0025 1.11447e-06 2.78576e-06
4.4875 8.31724e-06 0.0025 9.519e-07 2.5503e-06
4.4925 9.20737e-06 0.0025 1.14484e-06 2.91552e-06
4.4975 8.79779e-06 0.0025 1.13709e-06 2.75491e-06
4.5025 7.27945e-06 0.0025 5.24355e-07 2.2038e-06
4.5075 7.32231e-06 0.0025 6.47567e-07 2.24922e-06
4.5125 8.01723e-06 0.0025 6.56086e-07 2.45964e-06
4.5175 7.89697e-06 0.0025 9.70514e-07 2.44172e-06
4.5225 7.17686e-06 0.0025 4.62422e-07 2.17751e-06
4.5275 7.72213e-06 0.0025 6.22879e-07 2.38249e-06
4.5325 7.61755e-06 0.0025 7.64105e-07 2.36755e-06
4.5375 6.74799e-06 0.0025 5.20425e-07 2.05176e-06
4.5425 8.19611e-06 0.0025 7.42711e-07 2.53421e-06
4.5475 7.43637e-06 0.0025 1.01647e-06 2.32158e-06
4.5525 7.79718e-06 0.0025 7.50444e-07 2.4197e-06
4.5575 7.87861e-06 0.0025 1.01759e-06 2.44731e-06
4.5625 6.51038e-06 0.0025 5.32644e-07 1.98726e-06
4.5675 8.05534e-06 0.0025 8.55499e-07 2.50754e-06
4.5725 6.66013e-06 0.0025 6.23056e-07 2.04537e-06
4.5775 7.85537e-06 0.0025 8.35207e-07 2.45525e-06
4.5825 8.25575e-06 0.0025 8.113e-07 2.59373e-06
4.5875 7.02172e-06 0.0025 5.94905e-07 2.16217e-06
4.5925 6.31056e-06 0.0025 3.79105e-07 1.89731e-06
4.5975 8.02318e-06 0.0025 1.07978e-06 2.51685e-06
4.6025 6.52443e-06 0.0025 5.41322e-07 1.99386e-06
4.6075 9.21221e-06 0.0025 9.34777e-07 2.89425e-06
4.6125 6.72428e-06 0.0025 4.3188e-07 2.03721e-06
4.6175 8.37901e-06 0.0025 1.11816e-06 2.62581e-06
4.6225 6.98776e-06 0.0025 7.27678e-07 2.1716e-06
4.6275 6.13263e-06 0.0025 4.00738e-07 1.85218e-06
4.6325 6.5724e-06 0.0025 5.27577e-07 2.00132e-06
4.6375 7.03276e-06 0.0025 6.58315e-07 2.17456e-06
4.6425 6.60317e-06 0.0025 5.62735e-07 2.02832e-06
4.6475 7.54554e-06 0.0025 1.04765e-06 2.35086e-06
4.6525 5.87961e-06 0.0025 3.9063e-07 1.77669e-06
4.6575 7.18262e-06 0.0025 7.14173e-07 2.21875e-06
4.6625 6.33804e-06 0.0025 5.80471e-07 1.94903e-06
4.6675 6.31629e-06 0.0025 4.02792e-07 1.90722e-06
4.6725 8.00028e-06 0.0025 7.62392e-07 2.48915e-06
4.6775 8.13739e-06 0.0025 1.0686e-06 2.53986e-06
4.6825 7.69094e-06 0.0025 1.10583e-06 2.43644e-06
4.6875 6.80444e-06 0.0025 6.26029e-07 2.08788e-06
4.6925 7.24042e-06 0.0025 6.60888e-07 2.23663e-06
4.6975 6.49732e-06 0.0025 5.40532e-07 1.98479e-06
4.7025 7.60316e-06 0.0025 6.01961e-07 2.33833e-06
4.7075 7.52472e-06 0.0025 8.78058e-07 2.37363e-06
4.7125 6.31914e-06 0.0025 6.90761e-07 1.95209e-06
4.7175 7.10672e-06 0.0025 6.34888e-07 2.18374e-06
4.7225 6.17616e-06 0.0025 5.32898e-07 1.88955e-06
4.7275 6.39598e-06 0.0025 5.66499e-07 1.96808e-06
4.7325 7.09353e-06 0.0025 7.22865e-07 2.19892e-06
4.7375 6.22072e-06 0.0025 9.26181e-07 1.9228e-06
4.7425 6.46867e-06 0.0025 5.83551e-07 1.99771e-06
4.7475 6.21566e-06 0.0025 6.22786e-07 1.91641e-06
4.7525 6.72732e-06 0.0025 5.7475e-07 2.06868e-06
4.7575 6.206e-06 0.0025 6.35264e-07 1.92089e-06
4.7625 6.79875e-06 0.0025 9.54274e-07 2.1119e-06
4.7675 5.70257e-06 0.0025 4.23648e-07 1.73699e-06
4.7725 6.51215e-06 0.0025 7.25804e-07 2.03194e-06
4.7775 5.75237e-06 0.0025 5.10052e-07 1.75449e-06
4.7825 6.23461e-06 0.0025 5.37525e-07 1.90974e-06
4.7875 6.14178e-06 0.0025 5.34391e-07 1.87929e-06
4.7925 7.09117e-06 0.0025 7.06944e-07 2.20645e-06
4.7975 6.42949e-06 0.0025 9.7089e-07 1.98735e-06
4.8025 5.41083e-06 0.0025 5.23026e-07 1.66569e-06
4.8075 6.73343e-06 0.0025 7.43045e-07 2.10957e-06
4.8125 5.82302e-06 0.0025 4.64274e-07 1.78672e-06
4.8175 6.4054e-06 0.0025 7.02392e-07 1.98609e-06
4.8225 6.54227e-06 0.0025 9.87656e-07 2.03801e-06
4.8275 6.10295e-06 0.0025 4.72109e-07 1.86994e-06
4.8325 6.56475e-06 0.0025 6.76456e-07 2.04879e-06
4.8375 4.57858e-06 0.0025 4.688e-07 1.39749e-06
4.8425 5.96981e-06 0.0025 6.13581e-07 1.83749e-06
4.8475 6.33399e-06 0.0025 6.65735e-07 1.97749e-06
4.8525 6.77744e-06 0.0025 7.51916e-07 2.12491e-06
4.8575 5.67882e-06 0.0025 4.80532e-07 1.72421e-06
4.8625 5.54192e-06 0.0025 4.23331e-07 1.68966e-06
4.8675 5.40725e-06 0.0025 6.31435e-07 1.67452e-06
4.8725 6.08431e-06 0.0025 6.9803e-07 1.88921e-06
4.8775 6.66199e-06 0.0025 1.08338e-06 2.09646e-06
4.8825 5.76555e-06 0.0025 6.08359e-07 1.77631e-06
4.8875 4.71545e-06 0.0025 3.32261e-07 1.42021e-06
4.8925 5.66555e-06 0.0025 4.07014e-07 1.7198e-06
4.8975 5.88148e-06 0.0025 6.38887e-07 1.82522e-06
4.9025 5.46924e-06 0.0025 5.20262e-07 1.67801e-06
4.9075 5.90358e-06 0.0025 6.84352e-07 1.82864e-06
4.9125 5.76183e-06 0.0025 5.20675e-07 1.79438e-06
4.9175 6.15701e-06 0.0025 5.49574e-07 1.89122e-06
4.9225 6.23603e-06 0.0025 1.03117e-06 1.95331e-06
4.9275 5.2226e-06 0.0025 5.00699e-07 1.59759e-06
4.9325 5.56237e-06 0.0025 4.967e-07 1.69741e-06
4.9375 4.93305e-06 0.0025 3.86388e-07 1.49986e-06
4.9425 5.25e-06 0.0025 5.00026e-07 1.60447e-06
4.9475 5.33811e-06 0.0025 4.69726e-07 1.61799e-06
4.9525 5.06835e-06 0.0025 4.63826e-07 1.53658e-06
4.9575 5.82208e-06 0.0025 9.22217e-07 1.80175e-06
4.9625 5.37337e-06 0.0025 5.88873e-07 1.65254e-06
4.9675 5.74425e-06 0.0025 6.696e-07 1.77223e-06
4.9725 5.1211e-06 0.0025 5.2756e-07 1.58048e-06
4.9775 4.57452e-06 0.0025 4.51965e-07 1.38893e-06
4.9825 4.43436e-06 0.0025 3.72761e-07 1.3505e-06
4.9875 4.79308e-06 0.0025 3.12654e-07 1.43724e-06
4.9925 4.69931e-06 0.0025 3.82853e-07 1.42994e-06
