 relpix      w1150      w1200      w1250      w1300      w1350      w1400      w1450 
    -50  0.0001011  9.485e-05  9.123e-05  8.844e-05  8.769e-05  8.711e-05  8.764e-05 
    -49  0.0001059  0.0001003  9.703e-05   9.49e-05  9.526e-05  9.479e-05  9.696e-05 
    -48  0.0001115  0.0001065  0.0001037  0.0001026  0.0001035  0.0001037  0.0001076 
    -47  0.0001179  0.0001136  0.0001117  0.0001116  0.0001126  0.0001141  0.0001185 
    -46  0.0001256  0.0001222  0.0001211  0.0001217   0.000123  0.0001257  0.0001288 
    -45  0.0001348  0.0001324  0.0001319   0.000133  0.0001352  0.0001377  0.0001386 
    -44   0.000146  0.0001441  0.0001441  0.0001461  0.0001485  0.0001492  0.0001487 
    -43  0.0001593  0.0001573  0.0001582  0.0001609   0.000162  0.0001603  0.0001607 
    -42  0.0001745  0.0001724  0.0001745  0.0001768  0.0001753  0.0001731  0.0001761 
    -41   0.000192  0.0001902  0.0001927  0.0001928  0.0001894  0.0001895  0.0001948 
    -40  0.0002122  0.0002106  0.0002117  0.0002092  0.0002067  0.0002107  0.0002165 
    -39  0.0002354  0.0002328  0.0002309  0.0002277  0.0002289  0.0002359  0.0002414 
    -38  0.0002608  0.0002556  0.0002513  0.0002508  0.0002562   0.000264  0.0002704 
    -37  0.0002879  0.0002793  0.0002758  0.0002798  0.0002875  0.0002954  0.0003043 
    -36  0.0003169  0.0003066  0.0003069   0.000314  0.0003223  0.0003321   0.000343 
    -35  0.0003502  0.0003409  0.0003448  0.0003525  0.0003621  0.0003753  0.0003865 
    -34  0.0003903  0.0003836  0.0003883  0.0003962   0.000409   0.000425  0.0004353 
    -33  0.0004392  0.0004341  0.0004376  0.0004473  0.0004641   0.000481  0.0004927 
    -32   0.000497  0.0004915  0.0004947  0.0005077  0.0005275  0.0005457  0.0005647 
    -31  0.0005637  0.0005569  0.0005623  0.0005781  0.0006011  0.0006252  0.0006576 
    -30   0.000639  0.0006329  0.0006411  0.0006599    0.00069  0.0007262  0.0007721 
    -29  0.0007243   0.000721  0.0007321  0.0007578  0.0008004  0.0008519  0.0009016 
    -28  0.0008228  0.0008229  0.0008401  0.0008788  0.0009365  0.0009983   0.001038 
    -27   0.000939  0.0009431  0.0009735   0.001029   0.001097   0.001158   0.001184 
    -26   0.001079   0.001091    0.00114   0.001207   0.001278   0.001328    0.00135 
    -25    0.00125   0.001277    0.00134    0.00141   0.001474   0.001516   0.001547 
    -24   0.001459   0.001501   0.001568   0.001632   0.001687    0.00173   0.001762 
    -23   0.001707   0.001757   0.001817   0.001873   0.001924   0.001964   0.001963 
    -22   0.001993   0.002041   0.002092   0.002138   0.002181   0.002195   0.002128 
    -21    0.00232   0.002357   0.002397   0.002427   0.002442   0.002402   0.002276 
    -20   0.002685   0.002708   0.002728   0.002728   0.002693   0.002596   0.002454 
    -19    0.00307   0.003075   0.003064   0.003024   0.002936   0.002813   0.002702 
    -18   0.003454   0.003436   0.003394   0.003317   0.003204   0.003096   0.003021 
    -17    0.00384   0.003797   0.003732   0.003643   0.003542   0.003467   0.003396 
    -16   0.004271     0.0042   0.004127   0.004051   0.003979   0.003921   0.003815 
    -15   0.004793   0.004695   0.004627   0.004567   0.004502   0.004426   0.004278 
    -14   0.005426    0.00531   0.005243   0.005166   0.005064   0.004948   0.004785 
    -13   0.006172   0.006047   0.005948   0.005809   0.005639   0.005484   0.005342 
    -12   0.007063   0.006902    0.00673   0.006507   0.006272   0.006093   0.005989 
    -11   0.008165   0.007911   0.007649   0.007362   0.007088   0.006897   0.006813 
    -10   0.009567   0.009183   0.008862    0.00856   0.008272   0.008062   0.007951 
     -9    0.01141    0.01092    0.01061    0.01033    0.01003   0.009773   0.009591 
     -8    0.01392    0.01341    0.01317    0.01293    0.01256    0.01224    0.01201 
     -7    0.01753    0.01707    0.01694    0.01671    0.01622    0.01583    0.01565 
     -6    0.02298    0.02258    0.02258    0.02237    0.02176    0.02132    0.02137 
     -5    0.03133    0.03103    0.03121    0.03108    0.03047    0.03012    0.03044 
     -4    0.04364    0.04357    0.04399    0.04412    0.04379    0.04372    0.04409 
     -3    0.05991    0.06032    0.06105     0.0616    0.06193     0.0623    0.06238 
     -2    0.07782    0.07892    0.08002     0.0811    0.08233    0.08325    0.08284 
     -1    0.09258    0.09441     0.0958    0.09733     0.0994     0.1009     0.1001 
      0    0.09899     0.1013     0.1026     0.1042     0.1067     0.1085     0.1081 
      1    0.09454    0.09664     0.0976     0.0988     0.1009     0.1028      0.103 
      2    0.08097     0.0823     0.0826     0.0831     0.0843    0.08558    0.08654 
      3    0.06306    0.06333    0.06309    0.06297    0.06307    0.06346    0.06479 
      4    0.04581    0.04522    0.04469    0.04421     0.0435    0.04309    0.04427 
      5    0.03229    0.03126    0.03062       0.03    0.02898    0.02813    0.02883 
      6     0.0231      0.022    0.02132    0.02068    0.01971    0.01882    0.01902 
      7    0.01729    0.01631    0.01564    0.01504    0.01427    0.01354    0.01342 
      8     0.0136    0.01276    0.01214    0.01161    0.01105    0.01051     0.0103 
      9    0.01112    0.01042   0.009866   0.009404   0.008971   0.008591   0.008413 
     10   0.009343   0.008797   0.008319   0.007911   0.007549   0.007246   0.007125 
     11   0.007964   0.007605   0.007224   0.006876   0.006562   0.006287   0.006172 
     12   0.006796   0.006622   0.006367   0.006104   0.005852   0.005603   0.005451 
     13   0.005768    0.00572   0.005594   0.005432   0.005262   0.005069   0.004891 
     14   0.004887    0.00488   0.004846   0.004777   0.004686   0.004571   0.004414 
     15   0.004175   0.004154   0.004151   0.004136     0.0041   0.004053   0.003953 
     16    0.00362   0.003579   0.003562   0.003558   0.003544   0.003535   0.003489 
     17   0.003176   0.003144   0.003108   0.003089   0.003071   0.003068   0.003052 
     18   0.002799   0.002803   0.002769   0.002735   0.002706   0.002692   0.002681 
     19   0.002464    0.00251   0.002501    0.00247   0.002433   0.002406   0.002386 
     20   0.002169   0.002239   0.002262    0.00225   0.002215    0.00218   0.002148 
     21   0.001919   0.001986   0.002031   0.002042   0.002018   0.001979   0.001934 
     22   0.001714   0.001755   0.001806   0.001835   0.001824   0.001786   0.001729 
     23   0.001551   0.001556   0.001594    0.00163   0.001633     0.0016   0.001535 
     24    0.00142   0.001395   0.001408   0.001438    0.00145   0.001427   0.001363 
     25    0.00131   0.001269   0.001256   0.001269   0.001283   0.001272   0.001216 
     26   0.001205   0.001168   0.001139   0.001131   0.001137   0.001135   0.001094 
     27   0.001094    0.00108   0.001046   0.001025   0.001018   0.001018  0.0009913 
     28  0.0009745  0.0009928   0.000967   0.000941  0.0009253  0.0009197  0.0009032 
     29  0.0008524     0.0009  0.0008936    0.00087  0.0008502   0.000839  0.0008244 
     30  0.0007401  0.0008004  0.0008188  0.0008055  0.0007857  0.0007711  0.0007529 
     31   0.000646  0.0007009   0.000738  0.0007419  0.0007269  0.0007115   0.000689 
     32  0.0005713  0.0006111  0.0006529  0.0006739  0.0006692  0.0006564  0.0006317 
     33  0.0005117   0.000537   0.000571  0.0006006  0.0006077  0.0006015  0.0005778 
     34  0.0004626  0.0004783     0.0005  0.0005271  0.0005414  0.0005428  0.0005228 
     35  0.0004205  0.0004311  0.0004427   0.000461  0.0004749  0.0004804  0.0004647 
     36  0.0003829  0.0003915  0.0003974  0.0004068  0.0004154  0.0004195  0.0004058 
     37  0.0003481   0.000357  0.0003602  0.0003639  0.0003666   0.000366  0.0003517 
     38  0.0003158  0.0003262  0.0003282  0.0003293  0.0003281   0.000323  0.0003066 
     39  0.0002865   0.000298  0.0002998  0.0002998   0.000297  0.0002895  0.0002712 
     40  0.0002609  0.0002716  0.0002744  0.0002737  0.0002704  0.0002626  0.0002435 
     41  0.0002383  0.0002472  0.0002512  0.0002504  0.0002467  0.0002396   0.000221 
     42  0.0002174  0.0002251  0.0002296  0.0002296  0.0002255   0.000219  0.0002016 
     43  0.0001973  0.0002055  0.0002093  0.0002105  0.0002067  0.0002005  0.0001843 
     44  0.0001786  0.0001879  0.0001909  0.0001927  0.0001898  0.0001839  0.0001689 
     45  0.0001618  0.0001715  0.0001748  0.0001761  0.0001743  0.0001689  0.0001554 
     46  0.0001472  0.0001561  0.0001604  0.0001611  0.0001598  0.0001549  0.0001432 
     47  0.0001344  0.0001421   0.000147   0.000148  0.0001464   0.000142  0.0001317 
     48  0.0001233  0.0001298  0.0001344  0.0001364  0.0001344  0.0001302  0.0001209 
     49  0.0001143   0.000119  0.0001227  0.0001254   0.000124  0.0001199  0.0001113 
     50  0.0001074  0.0001096  0.0001124   0.000115  0.0001145   0.000111   0.000103 
