   relpix       w1700       w1800       w1900       w2000       w2100       w2200       w2300       w2400       w2500       w2600       w2700       w2800       w2900       w3000       w3100       w3200 
 -50.1667   7.221e-05    7.17e-05   6.939e-05   6.723e-05   6.984e-05   8.028e-05   8.217e-05    9.12e-05   9.141e-05   9.288e-05   0.0001014  0.00011196  0.00011415  0.00012201  0.00014373   0.0001653 
 -49.8333   7.017e-05   6.744e-05   6.627e-05   6.546e-05   6.978e-05   7.677e-05   7.752e-05   8.847e-05   8.865e-05   9.021e-05  0.00010089  0.00011331  0.00011334  0.00012618    0.000144  0.00017064 
    -49.5   6.987e-05   6.576e-05   6.555e-05   6.636e-05   7.113e-05   7.539e-05   7.767e-05   8.781e-05   8.814e-05   9.246e-05    0.000102  0.00011532  0.00011538  0.00013302  0.00014973  0.00017943 
 -49.1667    7.05e-05   6.621e-05   6.633e-05    6.84e-05   7.272e-05    7.53e-05    8.07e-05   8.811e-05    8.88e-05   9.723e-05  0.00010461  0.00011718  0.00011943  0.00013911  0.00015744  0.00018834 
 -48.8333   7.149e-05   6.813e-05   6.738e-05   7.023e-05   7.431e-05   7.581e-05   8.502e-05   8.913e-05   8.988e-05  0.00010221  0.00010905  0.00011898  0.00012447  0.00014364  0.00016608  0.00019533 
    -48.5   7.293e-05   7.092e-05   6.825e-05    7.17e-05   7.623e-05   7.677e-05   8.943e-05   9.102e-05   9.156e-05  0.00010638   0.0001152  0.00012123  0.00013053  0.00014898  0.00017625  0.00020097 
 -48.1667   7.491e-05   7.377e-05    6.93e-05   7.344e-05   7.866e-05   7.851e-05   9.321e-05   9.345e-05   9.462e-05  0.00010986  0.00012183  0.00012429  0.00013818  0.00015714  0.00018783  0.00020721 
 -47.8333   7.698e-05   7.581e-05   7.098e-05   7.596e-05   8.136e-05   8.142e-05   9.618e-05   9.594e-05   9.951e-05  0.00011289  0.00012729  0.00012831  0.00014661   0.0001671  0.00019953  0.00021357 
    -47.5   7.854e-05   7.689e-05   7.353e-05   7.926e-05   8.376e-05   8.547e-05   9.828e-05   9.828e-05  0.00010572  0.00011619  0.00013095  0.00013317  0.00015381  0.00017724  0.00020937  0.00021804 
 -47.1667   7.935e-05   7.767e-05   7.698e-05   8.259e-05    8.55e-05   9.039e-05   9.966e-05  0.00010029  0.00011199  0.00012075  0.00013338  0.00013866  0.00015951  0.00018753  0.00021669   0.0002223 
 -46.8333    8.01e-05    7.89e-05   8.064e-05   8.535e-05   8.682e-05   9.579e-05  0.00010113  0.00010218  0.00011742  0.00012708   0.0001356  0.00014529  0.00016629   0.0001989  0.00022308  0.00023109 
    -46.5   8.154e-05    8.04e-05    8.37e-05   8.781e-05   8.814e-05  0.00010113  0.00010341  0.00010473  0.00012198  0.00013443  0.00013845  0.00015372   0.0001758  0.00021132  0.00022977  0.00024375 
 -46.1667   8.403e-05   8.169e-05   8.592e-05   9.051e-05   9.003e-05  0.00010575  0.00010641  0.00010914  0.00012582  0.00014115  0.00014247  0.00016293  0.00018693  0.00022329  0.00023532  0.00025257 
 -45.8333    8.73e-05    8.28e-05   8.805e-05   9.363e-05   9.303e-05  0.00010941  0.00010956  0.00011559  0.00012945  0.00014619   0.0001476  0.00017079  0.00019824  0.00023295  0.00023961  0.00025251 
    -45.5    9.06e-05   8.442e-05   9.087e-05   9.678e-05   9.738e-05  0.00011205  0.00011244    0.000123  0.00013401  0.00014958  0.00015381  0.00017745  0.00021015  0.00024048   0.0002469  0.00024732 
 -45.1667     9.3e-05   8.712e-05   9.456e-05   9.936e-05  0.00010284    0.000114  0.00011496   0.0001299  0.00014046  0.00015219   0.0001614   0.0001857  0.00022347  0.00024765  0.00025947  0.00024345 
 -44.8333   9.429e-05   9.105e-05   9.843e-05  0.00010119  0.00010905  0.00011595  0.00011745  0.00013569  0.00014841  0.00015513  0.00017094  0.00019698   0.0002376  0.00025437  0.00027132  0.00024204 
    -44.5    9.54e-05   9.576e-05  0.00010188  0.00010284  0.00011544   0.0001188  0.00012099  0.00014055  0.00015639  0.00015915   0.0001812  0.00020988  0.00025035  0.00025965  0.00027486  0.00024024 
 -44.1667   9.699e-05  0.00010017  0.00010509  0.00010494  0.00012117  0.00012246  0.00012666  0.00014484  0.00016278  0.00016455  0.00019011  0.00022308  0.00026031   0.0002661  0.00027072  0.00023724 
 -43.8333   9.879e-05  0.00010356   0.0001086  0.00010812  0.00012573  0.00012627  0.00013446  0.00014958  0.00016713  0.00017139  0.00019806  0.00023709  0.00026841  0.00027768  0.00026556  0.00023655 
    -43.5  0.00010041  0.00010644  0.00011256  0.00011271  0.00012906  0.00012975  0.00014298  0.00015603  0.00017037  0.00017991  0.00020808  0.00025242  0.00027594  0.00029115   0.0002628  0.00024258 
 -43.1667  0.00010221   0.0001098  0.00011634  0.00011871  0.00013149  0.00013287  0.00015081  0.00016449  0.00017364  0.00019044  0.00022131  0.00026793   0.0002823  0.00029802  0.00026055  0.00025641 
 -42.8333  0.00010509  0.00011403  0.00011934  0.00012576  0.00013392  0.00013623  0.00015744  0.00017373  0.00017799  0.00020175  0.00023613  0.00028128  0.00028866  0.00029571  0.00025755  0.00027468 
    -42.5  0.00010959  0.00011865  0.00012159  0.00013323  0.00013743  0.00014103  0.00016299  0.00018177  0.00018408   0.0002118  0.00025152  0.00029169  0.00029919  0.00029001  0.00025674  0.00029271 
 -42.1667  0.00011541  0.00012309  0.00012387  0.00014028  0.00014196  0.00014838  0.00016839  0.00018759  0.00019188  0.00022155  0.00026805   0.0003003   0.0003135  0.00028614  0.00026289   0.0003084 
 -41.8333  0.00012144  0.00012741  0.00012711   0.0001461  0.00014679  0.00015777  0.00017496  0.00019179  0.00020178    0.000234  0.00028578   0.0003078    0.000324  0.00028356   0.0002775   0.0003225 
    -41.5  0.00012651  0.00013206  0.00013194  0.00015054  0.00015126  0.00016746  0.00018372   0.0001956  0.00021396  0.00024969   0.0003027   0.0003144   0.0003243  0.00028065  0.00029724   0.0003339 
 -41.1667  0.00013062  0.00013695  0.00013863  0.00015384  0.00015534  0.00017616  0.00019413  0.00020043   0.0002268  0.00026697   0.0003168   0.0003237   0.0003183  0.00027981   0.0003171   0.0003405 
 -40.8333  0.00013476  0.00014136  0.00014679  0.00015699  0.00015984  0.00018345  0.00020409  0.00020721   0.0002385  0.00028518   0.0003276   0.0003381   0.0003132  0.00028614   0.0003348   0.0003411 
    -40.5  0.00013971  0.00014484   0.0001557  0.00016116  0.00016629  0.00019005  0.00021189  0.00021624  0.00025053   0.0003048   0.0003366   0.0003513   0.0003099   0.0003018   0.0003504   0.0003399 
 -40.1667  0.00014529  0.00014781  0.00016425  0.00016662  0.00017559  0.00019722  0.00021747  0.00022791  0.00026565   0.0003252   0.0003438   0.0003552   0.0003072   0.0003234   0.0003627   0.0003417 
 -39.8333  0.00015096  0.00015141  0.00017145   0.0001725  0.00018684  0.00020652  0.00022215  0.00024183  0.00028416   0.0003438   0.0003525   0.0003507   0.0003066   0.0003453    0.000369   0.0003483 
    -39.5  0.00015669  0.00015663  0.00017697  0.00017802  0.00019812   0.0002181  0.00022767  0.00025614   0.0003045   0.0003588    0.000366   0.0003444   0.0003132   0.0003648   0.0003696   0.0003597 
 -39.1667  0.00016278  0.00016395  0.00018117  0.00018312  0.00020799  0.00023022  0.00023523   0.0002697   0.0003261   0.0003699   0.0003813   0.0003405   0.0003297   0.0003819    0.000369   0.0003756 
 -38.8333  0.00016893  0.00017319  0.00018519  0.00018912   0.0002166  0.00024054  0.00024564  0.00028434   0.0003492   0.0003786   0.0003897   0.0003375   0.0003531   0.0003945    0.000372   0.0003924 
    -38.5  0.00017439  0.00018369   0.0001905  0.00019776  0.00022503  0.00024804  0.00025929   0.0003027    0.000372    0.000387   0.0003873   0.0003372   0.0003774   0.0004008   0.0003807   0.0004053 
 -38.1667  0.00017883  0.00019428  0.00019743   0.0002097  0.00023517  0.00025395  0.00027516   0.0003246   0.0003918    0.000399    0.000381   0.0003441   0.0003993   0.0004014   0.0003948   0.0004131 
 -37.8333  0.00018318  0.00020367  0.00020505  0.00022341  0.00024801  0.00026034  0.00029133   0.0003486   0.0004068   0.0004152   0.0003762   0.0003618   0.0004182   0.0004023   0.0004131   0.0004188 
    -37.5  0.00018885  0.00021111  0.00021222  0.00023652  0.00026229  0.00026886   0.0003072   0.0003747   0.0004176   0.0004269   0.0003726   0.0003873   0.0004317   0.0004077   0.0004302   0.0004269 
 -37.1667  0.00019677  0.00021684  0.00021915  0.00024801  0.00027522  0.00028092   0.0003252    0.000402   0.0004266   0.0004281    0.000372   0.0004143   0.0004377   0.0004194   0.0004416   0.0004362 
 -36.8333  0.00020721  0.00022212  0.00022743  0.00025845  0.00028497  0.00029655   0.0003474   0.0004278   0.0004377   0.0004221   0.0003792   0.0004392   0.0004389   0.0004368   0.0004488   0.0004416 
    -36.5  0.00021957  0.00022872  0.00023904  0.00026985   0.0002925   0.0003144   0.0003738   0.0004485   0.0004539   0.0004161   0.0003981   0.0004602   0.0004407   0.0004569   0.0004563   0.0004401 
 -36.1667  0.00023241  0.00023739  0.00025404  0.00028401  0.00029997    0.000333   0.0004032   0.0004635   0.0004692   0.0004122    0.000426   0.0004743   0.0004485   0.0004737   0.0004659   0.0004317 
 -35.8333  0.00024414  0.00024696  0.00027024   0.0003006   0.0003099   0.0003519   0.0004344   0.0004743   0.0004749   0.0004113   0.0004563   0.0004806   0.0004635   0.0004842   0.0004737   0.0004239 
    -35.5  0.00025365   0.0002562  0.00028536   0.0003165   0.0003237   0.0003738   0.0004659   0.0004848   0.0004707   0.0004191   0.0004842   0.0004821   0.0004839   0.0004923   0.0004752   0.0004254 
 -35.1667    0.000261  0.00026526  0.00029874   0.0003294   0.0003417   0.0004014   0.0004938   0.0005001   0.0004644   0.0004395    0.000507    0.000486   0.0005052   0.0005022   0.0004683   0.0004371 
 -34.8333  0.00026769  0.00027627    0.000312    0.000339   0.0003624   0.0004335   0.0005148   0.0005175   0.0004596   0.0004701    0.000522   0.0004965   0.0005208   0.0005124    0.000459   0.0004509 
    -34.5  0.00027591  0.00029118   0.0003276    0.000348    0.000384   0.0004692   0.0005292   0.0005274   0.0004587   0.0005043    0.000528   0.0005151    0.000531   0.0005166   0.0004569   0.0004605 
 -34.1667  0.00028662   0.0003096   0.0003465   0.0003594   0.0004071   0.0005061     0.00054   0.0005259   0.0004665   0.0005358   0.0005301   0.0005379   0.0005406   0.0005112   0.0004665   0.0004692 
 -33.8333  0.00029874   0.0003285    0.000366   0.0003753    0.000435   0.0005418   0.0005541    0.000519   0.0004881   0.0005619   0.0005364   0.0005592    0.000552   0.0005001   0.0004812   0.0004839 
    -33.5   0.0003105   0.0003462   0.0003828    0.000396   0.0004689   0.0005712   0.0005727   0.0005133   0.0005214   0.0005787   0.0005514   0.0005739   0.0005598   0.0004935   0.0004932   0.0005067 
 -33.1667   0.0003228   0.0003627   0.0003951   0.0004197   0.0005085   0.0005916   0.0005871   0.0005121   0.0005592   0.0005853   0.0005742   0.0005847   0.0005583   0.0004995   0.0005034    0.000531 
 -32.8333   0.0003378   0.0003807   0.0004062   0.0004452   0.0005511   0.0006051   0.0005895   0.0005205   0.0005946   0.0005889      0.0006   0.0005961   0.0005475   0.0005142    0.000519    0.000549 
    -32.5   0.0003573   0.0004023   0.0004194   0.0004737   0.0005946   0.0006183   0.0005835   0.0005442   0.0006234   0.0005985   0.0006213   0.0006069   0.0005373   0.0005292   0.0005427   0.0005604 
 -32.1667   0.0003801    0.000426   0.0004377   0.0005082   0.0006336   0.0006369   0.0005769   0.0005811   0.0006414    0.000618   0.0006357   0.0006093   0.0005382   0.0005415   0.0005691   0.0005733 
 -31.8333   0.0004032   0.0004473   0.0004617   0.0005505    0.000663   0.0006552   0.0005748   0.0006234   0.0006492    0.000645    0.000648   0.0006009   0.0005517    0.000558   0.0005892   0.0005952 
    -31.5   0.0004248   0.0004641   0.0004899   0.0005988   0.0006816   0.0006627   0.0005838   0.0006633   0.0006552   0.0006717   0.0006603   0.0005889   0.0005682   0.0005829   0.0006024   0.0006249 
 -31.1667   0.0004464   0.0004782   0.0005205   0.0006501   0.0006954   0.0006591   0.0006093   0.0006951   0.0006696   0.0006918   0.0006669   0.0005859   0.0005829   0.0006111   0.0006171   0.0006549 
 -30.8333   0.0004713   0.0004938   0.0005559   0.0007005   0.0007128   0.0006519   0.0006501   0.0007146   0.0006945   0.0007062   0.0006618    0.000597   0.0006003   0.0006342   0.0006408   0.0006783 
    -30.5   0.0004995   0.0005151   0.0005997   0.0007425   0.0007332   0.0006495   0.0006975   0.0007239   0.0007245   0.0007191   0.0006486   0.0006156   0.0006258   0.0006501   0.0006729   0.0006912 
 -30.1667   0.0005271   0.0005433   0.0006522   0.0007713   0.0007464   0.0006588   0.0007428   0.0007335   0.0007512    0.000729   0.0006405    0.000633   0.0006558   0.0006669   0.0007059   0.0006936 
 -29.8333   0.0005499   0.0005766   0.0007119    0.000789   0.0007467   0.0006867   0.0007779    0.000753   0.0007704   0.0007284    0.000648   0.0006516   0.0006816   0.0006936   0.0007314   0.0006903 
    -29.5   0.0005685   0.0006144   0.0007737   0.0008055   0.0007407    0.000732   0.0007992    0.000783   0.0007851   0.0007164   0.0006666   0.0006771   0.0007005    0.000729   0.0007449   0.0006876 
 -29.1667   0.0005877   0.0006594   0.0008307   0.0008265    0.000738   0.0007857   0.0008112   0.0008157   0.0007977   0.0007044    0.000687    0.000708     0.00072    0.000765   0.0007467   0.0006876 
 -28.8333   0.0006132   0.0007149   0.0008742   0.0008445   0.0007479   0.0008364   0.0008259   0.0008421   0.0008019   0.0007065   0.0007074   0.0007359     0.00075    0.000792   0.0007425   0.0006879 
    -28.5   0.0006465   0.0007818   0.0009009   0.0008505   0.0007782    0.000876   0.0008517   0.0008607   0.0007929   0.0007236   0.0007338   0.0007572   0.0007893   0.0008049   0.0007389   0.0006873 
 -28.1667   0.0006864   0.0008553   0.0009189   0.0008463   0.0008289   0.0009003   0.0008871   0.0008757   0.0007791   0.0007461   0.0007665   0.0007797    0.000828   0.0008052   0.0007374   0.0006921 
 -27.8333   0.0007335   0.0009285   0.0009396   0.0008436   0.0008892   0.0009159   0.0009213   0.0008844   0.0007761   0.0007692   0.0007968   0.0008133   0.0008568   0.0007992   0.0007362   0.0007188 
    -27.5   0.0007911   0.0009906   0.0009612   0.0008538   0.0009471   0.0009366   0.0009468   0.0008802   0.0007908   0.0007974   0.0008211   0.0008562   0.0008694   0.0007944   0.0007362   0.0007767 
 -27.1667   0.0008631   0.0010326   0.0009732   0.0008874   0.0009918   0.0009696   0.0009654   0.0008658   0.0008151   0.0008322   0.0008469   0.0008985   0.0008676    0.000792     0.00075   0.0008493 
 -26.8333   0.0009474   0.0010572   0.0009729   0.0009441     0.00102   0.0010089    0.000978   0.0008577   0.0008415   0.0008658   0.0008844   0.0009288   0.0008601   0.0007905   0.0007938   0.0009087 
    -26.5   0.0010371   0.0010773   0.0009705   0.0010128    0.001041   0.0010431   0.0009792   0.0008679   0.0008718    0.000894   0.0009321   0.0009405   0.0008547   0.0007947   0.0008664   0.0009453 
 -26.1667   0.0011211   0.0011004   0.0009819   0.0010788   0.0010689   0.0010674   0.0009669   0.0008928   0.0009087   0.0009243   0.0009783   0.0009372   0.0008514   0.0008226   0.0009417   0.0009708 
 -25.8333    0.001185   0.0011181   0.0010188   0.0011298   0.0011088   0.0010836   0.0009543   0.0009231   0.0009456   0.0009666   0.0010101   0.0009291   0.0008511   0.0008859   0.0009951   0.0009966 
    -25.5   0.0012234   0.0011229   0.0010827   0.0011634   0.0011508   0.0010902   0.0009588   0.0009573   0.0009777   0.0010197   0.0010209   0.0009231   0.0008652   0.0009699   0.0010284    0.001023 
 -25.1667   0.0012465   0.0011232   0.0011613   0.0011913   0.0011841   0.0010818   0.0009825   0.0009969   0.0010128   0.0010701   0.0010164   0.0009198   0.0009126   0.0010434   0.0010569   0.0010455 
 -24.8333   0.0012699   0.0011364   0.0012375   0.0012282   0.0012066   0.0010671   0.0010161   0.0010368   0.0010608   0.0011028   0.0010074   0.0009243   0.0009951   0.0010914    0.001086   0.0010572 
    -24.5   0.0012918   0.0011778   0.0012963   0.0012741   0.0012183   0.0010653   0.0010545    0.001074   0.0011196   0.0011121   0.0010008    0.000954   0.0010857   0.0011256   0.0011133     0.00105 
 -24.1667   0.0013032   0.0012504   0.0013374   0.0013173   0.0012159   0.0010863   0.0010974   0.0011145   0.0011742   0.0011058   0.0009996   0.0010248   0.0011538    0.001158    0.001131   0.0010272 
 -23.8333    0.001308   0.0013413   0.0013746   0.0013485   0.0012018   0.0011232   0.0011415   0.0011694   0.0012081   0.0010956   0.0010143   0.0011232   0.0011985   0.0011895   0.0011298   0.0010089 
    -23.5   0.0013245   0.0014295   0.0014211   0.0013671    0.001194   0.0011667   0.0011838   0.0012354   0.0012162   0.0010893   0.0010659   0.0012138   0.0012354   0.0012135   0.0011091   0.0010095 
 -23.1667   0.0013719   0.0014994   0.0014718    0.001371   0.0012105   0.0012147   0.0012312   0.0012945   0.0012078   0.0010935   0.0011601   0.0012762   0.0012714   0.0012192   0.0010866   0.0010275 
 -22.8333   0.0014553    0.001551   0.0015138   0.0013599   0.0012489   0.0012645   0.0012939   0.0013293   0.0011964   0.0011256   0.0012681   0.0013209   0.0013017   0.0012024   0.0010815   0.0010581 
    -22.5   0.0015606   0.0015996   0.0015402   0.0013482   0.0012972   0.0013131   0.0013677   0.0013356   0.0011916   0.0012042   0.0013542   0.0013617   0.0013158   0.0011772   0.0010974   0.0010971 
 -22.1667   0.0016641   0.0016545   0.0015513   0.0013587   0.0013509   0.0013683   0.0014319   0.0013245   0.0012066   0.0013194   0.0014133   0.0013983   0.0013053   0.0011658   0.0011286   0.0011355 
 -21.8333   0.0017481   0.0017061   0.0015453   0.0013959   0.0014067     0.00144    0.001467   0.0013125   0.0012633    0.001431    0.001461   0.0014205   0.0012795   0.0011778   0.0011694   0.0011607 
    -21.5   0.0018126   0.0017427    0.001533   0.0014496   0.0014631   0.0015219     0.00147   0.0013128   0.0013716   0.0015129   0.0015048   0.0014172   0.0012627   0.0012084   0.0012111   0.0011643 
 -21.1667   0.0018723    0.001761   0.0015381   0.0015108   0.0015273   0.0015912   0.0014562   0.0013464   0.0015021   0.0015729   0.0015369   0.0013923   0.0012702    0.001251   0.0012393   0.0011472 
 -20.8333   0.0019317   0.0017613   0.0015726   0.0015738   0.0016089   0.0016254   0.0014448   0.0014355   0.0016131   0.0016245   0.0015432   0.0013707   0.0013002   0.0012954   0.0012441   0.0011253 
    -20.5     0.00198   0.0017523   0.0016308   0.0016389   0.0017007   0.0016248   0.0014568    0.001572   0.0016929   0.0016662   0.0015219   0.0013731   0.0013443   0.0013269   0.0012267   0.0011223 
 -20.1667   0.0020079   0.0017535   0.0016998   0.0017133   0.0017745   0.0016083   0.0015189   0.0017118   0.0017556   0.0016824   0.0014958   0.0014019   0.0013917   0.0013332   0.0012054   0.0011532 
 -19.8333   0.0020166   0.0017853   0.0017727   0.0018072   0.0018078   0.0016017   0.0016449   0.0018198   0.0018075   0.0016665   0.0014916   0.0014481   0.0014265   0.0013158   0.0012063   0.0012147 
    -19.5    0.002013   0.0018474   0.0018474   0.0019095   0.0018036   0.0016341   0.0018051   0.0018999   0.0018354   0.0016368   0.0015171   0.0014988   0.0014346   0.0012948   0.0012447   0.0012894 
 -19.1667   0.0020136   0.0019257    0.001935   0.0019884   0.0017868   0.0017346   0.0019482   0.0019638   0.0018279   0.0016245   0.0015642   0.0015366   0.0014178   0.0012996   0.0013149    0.001353 
 -18.8333    0.002043   0.0020094   0.0020436   0.0020199   0.0017922   0.0018984   0.0020553   0.0020049   0.0017976   0.0016449   0.0016182   0.0015459    0.001398   0.0013467   0.0013944    0.001383 
    -18.5   0.0021078    0.002097   0.0021579   0.0020121   0.0018582   0.0020751   0.0021363   0.0020088   0.0017775   0.0016926   0.0016602   0.0015288   0.0014091   0.0014253   0.0014559   0.0013788 
 -18.1667   0.0021963   0.0022002   0.0022413   0.0019989   0.0020055   0.0022197    0.002193   0.0019812   0.0017916   0.0017511   0.0016716   0.0015114   0.0014655   0.0015087   0.0014793   0.0013692 
 -17.8333   0.0022932   0.0023259   0.0022701   0.0020286   0.0022038   0.0023265   0.0022113   0.0019545   0.0018393   0.0017976   0.0016545   0.0015297   0.0015525   0.0015672    0.001473   0.0013848 
    -17.5   0.0023973   0.0024531   0.0022602   0.0021423   0.0023919   0.0024027   0.0021891   0.0019617   0.0019023   0.0018108   0.0016407   0.0015963   0.0016377   0.0015846   0.0014709   0.0014289 
 -17.1667     0.00252   0.0025404   0.0022602   0.0023409   0.0025365   0.0024387   0.0021576   0.0020085    0.001953   0.0017949   0.0016671   0.0016911   0.0016908   0.0015786   0.0014997   0.0014889 
 -16.8333   0.0026661   0.0025659   0.0023295    0.002568   0.0026394   0.0024267    0.002157   0.0020757   0.0019686   0.0017859   0.0017439   0.0017772   0.0017031    0.001587   0.0015552   0.0015723 
    -16.5   0.0028083   0.0025596   0.0025035   0.0027621   0.0026976   0.0023925   0.0022029   0.0021309   0.0019554   0.0018219   0.0018459   0.0018249   0.0017004    0.001629   0.0016308    0.001707 
 -16.1667   0.0028989   0.0025875   0.0027519   0.0029037   0.0027003   0.0023847   0.0022737   0.0021504   0.0019521   0.0019101   0.0019323   0.0018342   0.0017217   0.0016983    0.001746   0.0018972 
 -15.8333   0.0029247   0.0027162       0.003   0.0029907   0.0026679    0.002427   0.0023346   0.0021414   0.0019992   0.0020193   0.0019746   0.0018402    0.001779   0.0017991   0.0019236   0.0020865 
    -15.5   0.0029325   0.0029589    0.003195    0.003015   0.0026532   0.0025014   0.0023595   0.0021447   0.0020997   0.0021048   0.0019848   0.0018774   0.0018684   0.0019578   0.0021357   0.0021969 
 -15.1667    0.003009    0.003252    0.003321   0.0029889   0.0026901   0.0025698   0.0023547   0.0022038   0.0022149   0.0021441   0.0020034   0.0019539    0.002007   0.0021759    0.002301   0.0022125 
 -14.8333    0.003213    0.003513    0.003375   0.0029673   0.0027681   0.0026013    0.002367   0.0023169   0.0022989   0.0021594   0.0020601   0.0020751   0.0022155    0.002388   0.0023634   0.0021906 
    -14.5    0.003531    0.003696    0.003363   0.0029973   0.0028455   0.0026028   0.0024405   0.0024381    0.002337   0.0021939   0.0021645   0.0022644   0.0024585   0.0025107   0.0023538   0.0021765 
 -14.1667    0.003861    0.003792    0.003336    0.003078   0.0028842   0.0026265   0.0025671   0.0025209   0.0023607   0.0022761   0.0023316   0.0025179   0.0026451   0.0025326   0.0023349   0.0021543 
 -13.8333    0.004119    0.003798     0.00336    0.003165   0.0028938    0.002715   0.0026943   0.0025605   0.0024183   0.0024204   0.0025779   0.0027612   0.0027186   0.0025143   0.0023166   0.0021024 
    -13.5    0.004272    0.003774    0.003444    0.003216   0.0029301   0.0028551   0.0027759   0.0026004   0.0025371   0.0026475   0.0028602   0.0029025    0.002715   0.0024957   0.0022725   0.0020529 
 -13.1667    0.004311    0.003792    0.003543    0.003234    0.003036   0.0029859   0.0028224   0.0026901   0.0027387   0.0029466    0.003075    0.002934   0.0026955   0.0024591    0.002217   0.0020685 
 -12.8333    0.004293    0.003876    0.003603    0.003288    0.003186    0.003069   0.0028875   0.0028611    0.003036    0.003231    0.003165   0.0029199   0.0026643   0.0024012   0.0022125   0.0021837 
    -12.5    0.004305    0.003987    0.003642    0.003411    0.003321    0.003132    0.003024    0.003138    0.003369    0.003399    0.003171   0.0028914   0.0026076   0.0023787   0.0023103   0.0023766 
 -12.1667    0.004392    0.004071    0.003714    0.003573    0.003414    0.003234    0.003267    0.003495    0.003624    0.003444    0.003147   0.0028383   0.0025698   0.0024555   0.0025002   0.0025746 
 -11.8333    0.004521    0.004128    0.003852    0.003714    0.003501    0.003438    0.003624    0.003834    0.003738    0.003429    0.003096   0.0027894    0.002625   0.0026382   0.0027117   0.0027048 
    -11.5    0.004629    0.004218    0.004029    0.003822    0.003663    0.003774    0.004029    0.004041     0.00375    0.003387    0.003042   0.0028212   0.0027975   0.0028614   0.0028623   0.0027501 
 -11.1667     0.00471    0.004377    0.004182    0.003957     0.00396    0.004212    0.004338    0.004101    0.003714     0.00333    0.003051   0.0029784     0.00303    0.003033   0.0029214   0.0027444 
 -10.8333    0.004824    0.004566    0.004323    0.004206    0.004404    0.004626    0.004482    0.004083    0.003657    0.003321    0.003189    0.003219    0.003225    0.003108   0.0029193   0.0027216 
    -10.5    0.005004    0.004743     0.00453    0.004623    0.004896    0.004881      0.0045    0.004032     0.00363    0.003435    0.003432    0.003435    0.003318    0.003111   0.0028977   0.0027051 
 -10.1667    0.005214    0.004941    0.004902    0.005166     0.00528    0.004965    0.004461    0.003993     0.00372    0.003675    0.003669    0.003549     0.00333    0.003093   0.0028884    0.002733 
  -9.8333    0.005436    0.005262    0.005451    0.005679    0.005472     0.00495    0.004413    0.004056    0.003948    0.003933    0.003807    0.003573    0.003315     0.00309   0.0029325   0.0028626 
     -9.5    0.005727    0.005784    0.006075    0.006012    0.005505    0.004902    0.004449    0.004269    0.004227    0.004101    0.003849    0.003564    0.003324    0.003153     0.00309    0.003144 
  -9.1667    0.006204    0.006474     0.00657    0.006132    0.005466    0.004914    0.004647    0.004563    0.004425    0.004161    0.003849    0.003585    0.003405    0.003345    0.003414     0.00357 
  -8.8333    0.006912    0.007137    0.006822     0.00612    0.005463    0.005088    0.004953    0.004797    0.004509     0.00417    0.003882    0.003693    0.003636    0.003714    0.003885     0.00405 
     -8.5    0.007713    0.007569    0.006876    0.006108    0.005613      0.0054     0.00522    0.004908    0.004536    0.004221     0.00402    0.003969    0.004056     0.00423    0.004392    0.004449 
  -8.1667    0.008355     0.00774    0.006873    0.006237    0.005925    0.005703    0.005364    0.004956    0.004608    0.004395    0.004347    0.004449    0.004626     0.00477    0.004809    0.004743 
  -7.8333    0.008706    0.007773    0.006978    0.006543    0.006264    0.005886    0.005436    0.005055     0.00483    0.004788    0.004902    0.005079    0.005205    0.005214    0.005139    0.005046 
     -7.5    0.008823    0.007863    0.007275    0.006912    0.006495       0.006     0.00558     0.00534    0.005301    0.005427    0.005598      0.0057    0.005685    0.005601    0.005523     0.00549 
  -7.1667    0.008919    0.008148    0.007677    0.007206    0.006666    0.006204    0.005943    0.005907    0.006036    0.006201    0.006279    0.006246    0.006162    0.006099    0.006081    0.006081 
  -6.8333    0.009207    0.008601    0.008055    0.007458    0.006945    0.006663    0.006627    0.006759    0.006912    0.006972    0.006927    0.006852    0.006801    0.006783    0.006768    0.006714 
     -6.5    0.009717    0.009075    0.008412    0.007851    0.007542    0.007506    0.007638    0.007776    0.007812    0.007755     0.00768    0.007632    0.007596    0.007536    0.007422    0.007257 
  -6.1667    0.010326    0.009579    0.008955    0.008613    0.008562    0.008679     0.00879    0.008802    0.008733    0.008655    0.008592    0.008517    0.008391    0.008205    0.007971    0.007722 
  -5.8333    0.010977    0.010278    0.009894    0.009825    0.009927     0.01002     0.01002    0.009948    0.009861    0.009768    0.009633    0.009426    0.009159    0.008862    0.008583    0.008358 
     -5.5    0.012021    0.011604    0.011529    0.011625    0.011703    0.011691    0.011607    0.011487    0.011325    0.011094    0.010785    0.010425    0.010068    0.009762    0.009543    0.009411 
  -5.1667    0.013863     0.01377    0.013851    0.013908    0.013863    0.013731    0.013533    0.013251    0.012879    0.012441    0.011988    0.011574    0.011247    0.011016    0.010869    0.010767 
  -4.8333    0.016185     0.01626    0.016299    0.016212    0.016005    0.015687    0.015258     0.01473    0.014163    0.013629    0.013179    0.012828     0.01257    0.012369    0.012183     0.01197 
     -4.5    0.019023    0.018996    0.018807    0.018453    0.017943     0.01731    0.016608    0.015912    0.015297    0.014796    0.014403    0.014079    0.013779    0.013467    0.013113    0.012717 
  -4.1667    0.022269    0.021918    0.021339    0.020571    0.019683    0.018774    0.017931    0.017205    0.016605    0.016101    0.015642    0.015192    0.014718    0.014223    0.013716    0.013221 
  -3.8333    0.025554     0.02466    0.023574     0.02241    0.021285    0.020277    0.019416    0.018672    0.018009    0.017379    0.016761    0.016146    0.015549    0.014994    0.014508    0.014112 
     -3.5    0.028542    0.027063    0.025569    0.024183    0.022962    0.021906    0.020982    0.020139    0.019353    0.018621    0.017949    0.017361    0.016881    0.016521     0.01629    0.016191 
  -3.1667     0.03114    0.029289    0.027606    0.026139    0.024867    0.023754    0.022773    0.021906    0.021168    0.020571     0.02013    0.019857    0.019746    0.019791    0.019971    0.020274 
  -2.8333     0.03381      0.0318     0.03012    0.028674    0.027474     0.02649    0.025716    0.025155    0.024807    0.024666    0.024723     0.02496    0.025353    0.025878    0.026517    0.027252 
     -2.5     0.03741     0.03561     0.03417     0.03309     0.03231     0.03186     0.03165     0.03171     0.03198     0.03246     0.03312      0.0339      0.0348     0.03576     0.03681     0.03792 
  -2.1667     0.04398     0.04281     0.04212     0.04179     0.04179     0.04206      0.0426     0.04335     0.04422     0.04524     0.04632     0.04746     0.04866     0.04986     0.05106     0.05226 
  -1.8333     0.05673     0.05661     0.05688     0.05742      0.0582     0.05916     0.06024     0.06138     0.06258     0.06378     0.06498     0.06615     0.06726     0.06831     0.06927     0.07014 
     -1.5      0.0795     0.08049     0.08163     0.08286     0.08418     0.08547     0.08679     0.08802     0.08919      0.0903     0.09129     0.09219       0.093     0.09369     0.09429      0.0948 
  -1.1667     0.11646     0.11865     0.12072     0.12264     0.12441     0.12603     0.12747     0.12879     0.12993     0.13095     0.13182      0.1326     0.13329     0.13386      0.1344     0.13488 
  -0.8333     0.17049     0.17445     0.17793     0.18096     0.18357     0.18582     0.18777     0.18945     0.19086     0.19206     0.19308     0.19392     0.19467      0.1953     0.19587     0.19638 
     -0.5     0.23397     0.24024     0.24555     0.25008     0.25389     0.25707     0.25968     0.26181     0.26355      0.2649     0.26595      0.2667     0.26721     0.26754     0.26766     0.26766 
  -0.1667     0.28107     0.28899     0.29565      0.3012      0.3057      0.3096      0.3126       0.315      0.3168       0.318      0.3189      0.3192      0.3192      0.3189      0.3186      0.3177 
   0.1667     0.28371     0.29142     0.29787      0.3033      0.3075      0.3111      0.3141      0.3162       0.318      0.3189      0.3198      0.3201      0.3201      0.3198      0.3192      0.3183 
      0.5     0.24078     0.24657     0.25146     0.25554     0.25893     0.26172     0.26394     0.26574     0.26712     0.26817     0.26889     0.26937     0.26967     0.26976      0.2697     0.26949 
   0.8333     0.17877     0.18228     0.18537     0.18807     0.19035     0.19227     0.19389     0.19521     0.19629     0.19716     0.19785     0.19839     0.19881     0.19914     0.19941     0.19965 
   1.1667     0.12381     0.12558     0.12735     0.12909     0.13071     0.13221     0.13356     0.13476     0.13578     0.13665     0.13734     0.13794     0.13839     0.13878     0.13908     0.13932 
      1.5     0.08544     0.08583     0.08655     0.08754     0.08868     0.08991      0.0912     0.09249     0.09372     0.09489     0.09594     0.09687     0.09768     0.09837     0.09894     0.09939 
   1.8333     0.06189     0.06114     0.06084      0.0609     0.06132     0.06201     0.06294     0.06402     0.06525     0.06651      0.0678     0.06909     0.07035     0.07155     0.07263     0.07365 
   2.1667     0.04836     0.04686     0.04575       0.045     0.04458     0.04449     0.04467     0.04515     0.04584     0.04671     0.04776      0.0489     0.05016     0.05145     0.05277     0.05412 
      2.5     0.04047     0.03864     0.03717     0.03597     0.03501     0.03429     0.03381     0.03357     0.03357     0.03378      0.0342      0.0348     0.03558     0.03648      0.0375     0.03861 
   2.8333     0.03564      0.0336     0.03195      0.0306    0.029499    0.028551    0.027747    0.027084    0.026577    0.026241    0.026082      0.0261    0.026283    0.026622    0.027096    0.027693 
   3.1667     0.03246     0.03036    0.028539    0.027057    0.025872    0.024909    0.024087    0.023352    0.022689    0.022101    0.021606    0.021228    0.020979    0.020862    0.020877    0.021015 
      3.5     0.02988    0.028119    0.026343    0.024723    0.023364    0.022287    0.021441    0.020745    0.020139    0.019575    0.019038    0.018534    0.018084    0.017703    0.017415    0.017223 
   3.8333    0.027024    0.025962    0.024636     0.02319    0.021774    0.020523    0.019509    0.018717    0.018108     0.01761    0.017169     0.01674    0.016314    0.015888    0.015486    0.015123 
   4.1667    0.023724    0.023328    0.022653    0.021723    0.020607    0.019425    0.018303    0.017337    0.016569    0.015984     0.01554    0.015177     0.01485    0.014526     0.01419    0.013842 
      4.5    0.020322    0.020355    0.020196    0.019806    0.019197     0.01839    0.017454    0.016485    0.015594     0.01485    0.014271    0.013839    0.013515    0.013257    0.013023    0.012786 
   4.8333    0.017205    0.017379     0.01752    0.017511    0.017328    0.016968    0.016437    0.015747    0.014967     0.01419    0.013494    0.012921    0.012486    0.012162    0.011922     0.01173 
   5.1667    0.014706    0.014736    0.014952    0.015162    0.015246    0.015186       0.015     0.01467     0.01419    0.013593    0.012942    0.012309    0.011757     0.01131    0.010971    0.010719 
      5.5    0.012798    0.012525    0.012555    0.012774    0.013005    0.013137    0.013146    0.013062    0.012876    0.012573    0.012147    0.011631    0.011091    0.010587    0.010155     0.00981 
   5.8333    0.011214    0.010734    0.010497    0.010524     0.01074    0.010995    0.011163    0.011223    0.011208    0.011127    0.010968    0.010695     0.01032    0.009891    0.009456    0.009063 
   6.1667    0.010146    0.009597    0.009186    0.008967    0.008973    0.009171    0.009426    0.009615    0.009699    0.009714    0.009693    0.009618    0.009462     0.00921    0.008883     0.00852 
      6.5    0.009339     0.00882    0.008367    0.008028    0.007833     0.00783    0.008007    0.008259    0.008463    0.008565    0.008595    0.008595    0.008574    0.008496     0.00834      0.0081 
   6.8333    0.008628    0.008175    0.007719    0.007338    0.007059    0.006888    0.006873    0.007035    0.007287    0.007512    0.007638    0.007683    0.007695    0.007701    0.007686    0.007605 
   7.1667    0.008049    0.007647    0.007239    0.006831    0.006516    0.006279    0.006117    0.006084    0.006216    0.006456     0.00669    0.006837    0.006891    0.006909     0.00693    0.006945 
      7.5    0.007641    0.007158    0.006825    0.006453    0.006102    0.005847    0.005652    0.005502    0.005448    0.005544    0.005763       0.006    0.006159    0.006219    0.006231    0.006246 
   7.8333    0.007461    0.006777    0.006423    0.006132     0.00579     0.00549    0.005283    0.005127    0.004989    0.004923    0.004992    0.005187    0.005421    0.005586    0.005658    0.005667 
   8.1667    0.007386    0.006567    0.006063    0.005799    0.005541    0.005232    0.004971    0.004809     0.00468    0.004554    0.004479    0.004521    0.004695     0.00492      0.0051    0.005184 
      8.5    0.007227    0.006501    0.005832    0.005466    0.005262    0.005031    0.004752     0.00453    0.004404    0.004302    0.004185    0.004098    0.004119    0.004263    0.004479    0.004668 
   8.8333    0.006876    0.006429    0.005757    0.005229    0.004965      0.0048    0.004587    0.004335    0.004149    0.004056    0.003975    0.003867    0.003774    0.003768    0.003888    0.004086 
   9.1667    0.006372    0.006201    0.005724    0.005127    0.004728    0.004536    0.004401      0.0042    0.003972    0.003816    0.003747    0.003687    0.003591    0.003492    0.003468    0.003558 
      9.5    0.005787    0.005826    0.005589    0.005106    0.004602    0.004305    0.004167     0.00405    0.003867    0.003657    0.003525     0.00348    0.003435    0.003345    0.003243    0.003204 
   9.8333    0.005187    0.005385    0.005313     0.00504    0.004569    0.004161    0.003948    0.003846    0.003747    0.003573    0.003381    0.003273    0.003243     0.00321    0.003126    0.003024 
  10.1667    0.004668    0.004905    0.004968    0.004845    0.004542     0.00411    0.003792    0.003636    0.003564    0.003477    0.003312    0.003135    0.003048    0.003036    0.003009   0.0029313 
     10.5    0.004332    0.004413    0.004602    0.004566    0.004425    0.004098     0.00372     0.00348    0.003366    0.003318    0.003237    0.003078   0.0029169     0.00285   0.0028491   0.0028311 
  10.8333    0.004167    0.004008    0.004203    0.004275      0.0042    0.004041    0.003708     0.00339     0.00321    0.003129    0.003096    0.003021   0.0028653   0.0027237   0.0026727   0.0026817 
  11.1667    0.004071    0.003759    0.003798    0.003972    0.003945    0.003876     0.00369    0.003366    0.003114   0.0029772   0.0029187   0.0029013   0.0028242   0.0026772     0.00255   0.0025134 
     11.5    0.003981    0.003642     0.00348    0.003636    0.003708    0.003648    0.003585    0.003366    0.003072    0.002877   0.0027696   0.0027348   0.0027213    0.002649   0.0025074   0.0023937 
  11.8333    0.003906     0.00357    0.003291      0.0033    0.003459    0.003438     0.00339    0.003312    0.003072   0.0028224   0.0026706   0.0025887   0.0025656   0.0025635   0.0024897   0.0023535 
  12.1667    0.003882    0.003489    0.003207    0.003042    0.003168    0.003255    0.003189    0.003162    0.003054   0.0028101   0.0026094   0.0024918   0.0024228   0.0024186   0.0024198   0.0023448 
     12.5    0.003903     0.00342     0.00315   0.0029025   0.0028878    0.003039     0.00303   0.0029688   0.0029571    0.002811   0.0025827   0.0024282   0.0023295    0.002277    0.002286   0.0022905 
  12.8333    0.003942    0.003396    0.003081   0.0028416   0.0026841   0.0027831   0.0028806   0.0028107   0.0027861   0.0027615   0.0025848   0.0023892   0.0022689   0.0021837   0.0021459    0.002169 
  13.1667    0.003939    0.003417    0.003015   0.0027984   0.0025791   0.0025461    0.002685   0.0026949   0.0026184   0.0026283   0.0025701    0.002382    0.002223   0.0021267   0.0020511   0.0020304 
     13.5    0.003831    0.003456   0.0029898   0.0027372   0.0025359    0.002385   0.0024582   0.0025638    0.002505   0.0024588   0.0024828   0.0023853   0.0022026   0.0020796   0.0019974    0.001932 
  13.8333    0.003612    0.003483    0.003009   0.0026748   0.0025011   0.0023064   0.0022602   0.0023841   0.0024162   0.0023292   0.0023298   0.0023406   0.0022089   0.0020478   0.0019533   0.0018798 
  14.1667    0.003378    0.003432    0.003045    0.002649   0.0024462   0.0022749    0.002133   0.0021849   0.0022941    0.002253   0.0021828   0.0022191   0.0021963   0.0020469   0.0019143   0.0018411 
     14.5    0.003246     0.00327    0.003084   0.0026643   0.0023871   0.0022479   0.0020733   0.0020208   0.0021267    0.002178   0.0020952    0.002067   0.0021147   0.0020526   0.0019011      0.0018 
  14.8333    0.003243    0.003045    0.003078   0.0026985   0.0023595   0.0022005   0.0020511   0.0019197   0.0019527   0.0020595   0.0020445    0.001956   0.0019749   0.0020097    0.001911   0.0017742 
  15.1667    0.003309   0.0028695   0.0029745   0.0027381   0.0023721   0.0021435   0.0020313   0.0018741   0.0018162    0.001905   0.0019737   0.0019032   0.0018441   0.0018966    0.001899   0.0017784 
     15.5    0.003354   0.0028038   0.0027828   0.0027588   0.0024036   0.0021126   0.0019902   0.0018585   0.0017358   0.0017535   0.0018576   0.0018651   0.0017721   0.0017577   0.0018219    0.001785 
  15.8333    0.003294   0.0028356   0.0025893   0.0027057   0.0024408   0.0021228   0.0019353   0.0018438   0.0017019   0.0016407   0.0017154   0.0017934   0.0017442    0.001659   0.0016929   0.0017436 
  16.1667    0.003099   0.0029061   0.0024714   0.0025587   0.0024738   0.0021519   0.0019014   0.0018078    0.001692   0.0015771   0.0015843   0.0016797   0.0017088   0.0016203   0.0015732   0.0016386 
     16.5   0.0028113   0.0029388   0.0024519   0.0023718   0.0024606    0.002184    0.001908    0.001755   0.0016815   0.0015525   0.0014913   0.0015507   0.0016335   0.0016053   0.0015108   0.0015114 
  16.8333   0.0025239   0.0028695   0.0025029   0.0022236   0.0023598   0.0022203    0.001935   0.0017187   0.0016503   0.0015471   0.0014415   0.0014385    0.001524   0.0015669   0.0014958   0.0014226 
  17.1667   0.0023061   0.0026847   0.0025686   0.0021564   0.0021948    0.002235   0.0019623   0.0017211   0.0016002   0.0015402   0.0014235   0.0013623   0.0014079   0.0014895   0.0014829   0.0013926 
     17.5   0.0021831   0.0024333   0.0025875   0.0021684   0.0020352   0.0021774   0.0019959   0.0017478   0.0015609   0.0015135   0.0014214    0.001323   0.0013119   0.0013866   0.0014382   0.0013905 
  17.8333   0.0021327     0.00219   0.0025131   0.0022269   0.0019329   0.0020439   0.0020259   0.0017736   0.0015585   0.0014658   0.0014172   0.0013095   0.0012495   0.0012834   0.0013602   0.0013737 
  18.1667   0.0021027   0.0020091   0.0023415   0.0022836   0.0019035   0.0018888   0.0020049   0.0018018    0.001584   0.0014238   0.0013938   0.0013098   0.0012183   0.0012009   0.0012654    0.001323 
     18.5    0.002055    0.001908   0.0021213   0.0022902   0.0019335    0.001767   0.0019071   0.0018366   0.0016101    0.001416   0.0013482   0.0013086   0.0012087    0.001149   0.0011748   0.0012462 
  18.8333   0.0019845    0.001869   0.0019152   0.0022122   0.0019914   0.0017034   0.0017673   0.0018426   0.0016335   0.0014394   0.0013035   0.0012891   0.0012108   0.0011241   0.0011043   0.0011595 
  19.1667    0.001899   0.0018504   0.0017634   0.0020535   0.0020379   0.0017001   0.0016395   0.0017796   0.0016662   0.0014664   0.0012906   0.0012462   0.0012123   0.0011175   0.0010608   0.0010791 
     19.5   0.0017979   0.0018183   0.0016782   0.0018609   0.0020346   0.0017391   0.0015534   0.0016608    0.001689   0.0014865   0.0013116      0.0012   0.0011964   0.0011214   0.0010407   0.0010179 
  19.8333   0.0016686   0.0017634   0.0016467   0.0016863   0.0019554   0.0017919    0.001518   0.0015351   0.0016581   0.0015144   0.0013398   0.0011817   0.0011565   0.0011247   0.0010365    0.000981 
  20.1667   0.0015231   0.0016995   0.0016365   0.0015579   0.0018099   0.0018279   0.0015303   0.0014373   0.0015648   0.0015456   0.0013578   0.0011997     0.00111   0.0011121   0.0010413   0.0009648 
     20.5   0.0014028   0.0016308   0.0016146   0.0014844   0.0016416   0.0018162   0.0015717   0.0013788   0.0014481   0.0015414   0.0013791   0.0012291   0.0010875   0.0010749   0.0010458   0.0009621 
  20.8333   0.0013398   0.0015408    0.001572   0.0014592   0.0014931   0.0017367   0.0016179   0.0013635   0.0013473   0.0014751   0.0014118   0.0012474    0.001101   0.0010287   0.0010356   0.0009675 
  21.1667   0.0013302   0.0014214    0.001521   0.0014541   0.0013839   0.0016032   0.0016446   0.0013857   0.0012753    0.001371   0.0014268    0.001263    0.001131   0.0010023   0.0010017   0.0009729 
     21.5   0.0013398   0.0012984   0.0014724   0.0014397   0.0013203   0.0014559   0.0016266   0.0014262   0.0012375   0.0012714   0.0013878   0.0012924   0.0011508   0.0010116   0.0009558   0.0009648 
  21.8333   0.0013404   0.0012105   0.0014145   0.0014073   0.0012987    0.001329   0.0015483   0.0014649   0.0012369    0.001194   0.0013005   0.0013194   0.0011622   0.0010413   0.0009258   0.0009342 
  22.1667   0.0013302   0.0011751   0.0013278    0.001365   0.0012966   0.0012357   0.0014259   0.0014841   0.0012636   0.0011409   0.0012048    0.001305    0.001185   0.0010641   0.0009297   0.0008898 
     22.5   0.0013296   0.0011769    0.001218   0.0013266   0.0012891   0.0011808   0.0012966   0.0014616   0.0012999   0.0011187   0.0011262   0.0012375   0.0012168   0.0010737   0.0009582   0.0008565 
  22.8333   0.0013563   0.0011859    0.001119   0.0012903   0.0012654   0.0011619   0.0011883   0.0013854   0.0013314   0.0011283   0.0010671   0.0011478   0.0012225   0.0010896    0.000984   0.0008553 
  23.1667   0.0014034   0.0011826    0.001059   0.0012345   0.0012303   0.0011622   0.0011079   0.0012729    0.001344   0.0011568    0.001029   0.0010689   0.0011769   0.0011202   0.0009939   0.0008817 
     23.5   0.0014466   0.0011694   0.0010422   0.0011475   0.0011973   0.0011604   0.0010587   0.0011595   0.0013179   0.0011886   0.0010194   0.0010077   0.0010968   0.0011403   0.0010035   0.0009099 
  23.8333   0.0014604   0.0011643   0.0010491   0.0010509    0.001173   0.0011439   0.0010413   0.0010665   0.0012444   0.0012144   0.0010353   0.0009609   0.0010188   0.0011169   0.0010296   0.0009225 
  24.1667   0.0014259   0.0011835    0.001056    0.000975   0.0011409   0.0011145   0.0010434   0.0009969   0.0011421   0.0012222   0.0010617   0.0009345   0.0009579   0.0010506   0.0010581   0.0009282 
     24.5   0.0013425   0.0012219   0.0010497   0.0009372   0.0010794   0.0010839   0.0010452   0.0009525   0.0010437   0.0011934   0.0010887   0.0009351   0.0009093   0.0009744   0.0010545   0.0009477 
  24.8333   0.0012375   0.0012597   0.0010344   0.0009321   0.0009945   0.0010641   0.0010344   0.0009369   0.0009645   0.0011223     0.00111   0.0009546   0.0008718   0.0009132    0.001005   0.0009789 
  25.1667    0.001146   0.0012786   0.0010269   0.0009405   0.0009132   0.0010473   0.0010113   0.0009405   0.0009033   0.0010296   0.0011142   0.0009786   0.0008559   0.0008658   0.0009333   0.0009909 
     25.5   0.0010854   0.0012612   0.0010401   0.0009441    0.000858   0.0010098   0.0009837   0.0009447   0.0008625   0.0009444   0.0010836   0.0010014    0.000864   0.0008247   0.0008709     0.00096 
  25.8333   0.0010509   0.0011997   0.0010707    0.000936   0.0008355   0.0009426   0.0009645   0.0009384   0.0008472   0.0008763   0.0010158   0.0010197   0.0008841   0.0007959   0.0008253   0.0008967 
  26.1667   0.0010224   0.0011109   0.0011031   0.0009207    0.000837   0.0008649   0.0009561   0.0009204   0.0008502   0.0008223   0.0009324   0.0010209   0.0009048   0.0007896   0.0007863   0.0008331 
     26.5   0.0009852   0.0010245   0.0011235   0.0009114   0.0008439   0.0008007   0.0009387   0.0008958   0.0008556   0.0007851   0.0008586   0.0009885    0.000924   0.0008025   0.0007509   0.0007869 
  26.8333    0.000942   0.0009615   0.0011181   0.0009198   0.0008445   0.0007629   0.0008922   0.0008754   0.0008526   0.0007704   0.0008004    0.000924   0.0009396   0.0008214   0.0007305   0.0007515 
  27.1667   0.0009003   0.0009243   0.0010752   0.0009438   0.0008361   0.0007521   0.0008244   0.0008685   0.0008397   0.0007734    0.000753   0.0008484   0.0009384   0.0008385    0.000732   0.0007167 
     27.5   0.0008568   0.0009009    0.001002   0.0009702   0.0008217   0.0007569   0.0007587    0.000864   0.0008193   0.0007803   0.0007188   0.0007842   0.0009051   0.0008553   0.0007473    0.000687 
  27.8333   0.0008037   0.0008736   0.0009234   0.0009894   0.0008118    0.000762   0.0007107   0.0008376   0.0007986     0.00078   0.0007044   0.0007344   0.0008433   0.0008688   0.0007638   0.0006747 
  28.1667   0.0007413    0.000837    0.000861   0.0009918   0.0008172   0.0007605   0.0006864   0.0007836   0.0007893    0.000771   0.0007068   0.0006921   0.0007746   0.0008652   0.0007785   0.0006819 
     28.5   0.0006819   0.0007998   0.0008208   0.0009645   0.0008364   0.0007515   0.0006828   0.0007212   0.0007911   0.0007548    0.000714   0.0006603   0.0007188    0.000831   0.0007938   0.0006966 
  28.8333    0.000639   0.0007659   0.0007983   0.0009066    0.000858   0.0007374   0.0006885    0.000669   0.0007818   0.0007347   0.0007158   0.0006459   0.0006756   0.0007719   0.0008058   0.0007098 
  29.1667   0.0006162   0.0007296   0.0007788   0.0008376   0.0008751   0.0007269   0.0006915   0.0006351   0.0007452   0.0007221   0.0007101   0.0006477   0.0006381   0.0007098   0.0008001   0.0007221 
     29.5   0.0006033   0.0006834   0.0007506   0.0007779   0.0008826   0.0007299   0.0006882   0.0006213   0.0006906   0.0007242   0.0006975   0.0006549   0.0006081   0.0006612   0.0007653   0.0007368 
  29.8333   0.0005868   0.0006297   0.0007164   0.0007359    0.000867   0.0007452   0.0006789   0.0006228   0.0006384    0.000726   0.0006795   0.0006582   0.0005934   0.0006237   0.0007089   0.0007476 
  30.1667    0.000561   0.0005784   0.0006855   0.0007116   0.0008232   0.0007629   0.0006654   0.0006282   0.0005988   0.0007056   0.0006639   0.0006546    0.000594   0.0005895   0.0006525   0.0007395 
     30.5   0.0005292   0.0005415   0.0006582   0.0006963   0.0007644   0.0007776   0.0006549   0.0006291   0.0005748   0.0006612   0.0006621   0.0006453   0.0006006    0.000561   0.0006105   0.0007038 
  30.8333   0.0004992   0.0005223    0.000627   0.0006765   0.0007086   0.0007869   0.0006561   0.0006246    0.000567   0.0006108   0.0006693   0.0006303   0.0006045   0.0005463   0.0005781   0.0006501 
  31.1667   0.0004773   0.0005121   0.0005868   0.0006477   0.0006666   0.0007806   0.0006684   0.0006156     0.00057   0.0005691   0.0006636   0.0006132   0.0006021   0.0005466   0.0005469   0.0005994 
     31.5   0.0004659   0.0005001   0.0005397   0.0006174   0.0006396   0.0007494   0.0006828   0.0006027   0.0005736   0.0005388   0.0006321   0.0006063   0.0005955   0.0005532   0.0005196   0.0005631 
  31.8333   0.0004602   0.0004809    0.000495   0.0005925   0.0006243   0.0006999   0.0006945   0.0005919   0.0005721    0.000522   0.0005868   0.0006135   0.0005844   0.0005574   0.0005052   0.0005349 
  32.1667   0.0004539   0.0004554   0.0004629   0.0005703   0.0006111   0.0006489   0.0007035   0.0005916   0.0005673   0.0005193   0.0005445    0.000618   0.0005688   0.0005568   0.0005046   0.0005061 
     32.5   0.0004434   0.0004287   0.0004458    0.000543   0.0005898   0.0006078   0.0007026   0.0006021   0.0005595   0.0005229   0.0005118   0.0006006   0.0005583   0.0005523   0.0005112   0.0004803 
  32.8333   0.0004284   0.0004074   0.0004377    0.000507   0.0005613    0.000579   0.0006813   0.0006141   0.0005481   0.0005244   0.0004887   0.0005634   0.0005622   0.0005442   0.0005163   0.0004659 
  33.1667   0.0004104   0.0003945   0.0004296   0.0004656   0.0005355   0.0005613   0.0006408   0.0006228   0.0005376   0.0005214   0.0004779   0.0005229   0.0005724   0.0005307   0.0005163   0.0004653 
     33.5   0.0003897   0.0003888   0.0004155   0.0004269   0.0005157   0.0005502   0.0005949   0.0006306   0.0005361   0.0005166   0.0004782   0.0004893   0.0005682   0.0005175   0.0005127   0.0004716 
  33.8333   0.0003681   0.0003858   0.0003954   0.0003984   0.0004971   0.0005361   0.0005556    0.000633   0.0005445   0.0005097   0.0004818   0.0004638   0.0005409   0.0005163    0.000507    0.000477 
  34.1667   0.0003486   0.0003804   0.0003729   0.0003834   0.0004719   0.0005127   0.0005265   0.0006195   0.0005538   0.0004989   0.0004815   0.0004467   0.0005034   0.0005277   0.0004959   0.0004782 
     34.5   0.0003345   0.0003711   0.0003522   0.0003768   0.0004395   0.0004863    0.000507   0.0005868   0.0005601   0.0004887   0.0004779   0.0004407   0.0004698   0.0005334   0.0004818   0.0004761 
  34.8333   0.0003267   0.0003585   0.0003378   0.0003708   0.0004029   0.0004656   0.0004956   0.0005463   0.0005658   0.0004869   0.0004734   0.0004431   0.0004437   0.0005184   0.0004758   0.0004719 
  35.1667   0.0003231   0.0003438   0.0003306   0.0003603    0.000369   0.0004506   0.0004866   0.0005097   0.0005706   0.0004938   0.0004671   0.0004458   0.0004233   0.0004866   0.0004845   0.0004638 
     35.5   0.0003204    0.000327   0.0003282   0.0003447   0.0003444   0.0004344   0.0004707   0.0004818    0.000564   0.0005022   0.0004569    0.000444   0.0004104   0.0004533   0.0004962   0.0004503 
  35.8333   0.0003153    0.000309   0.0003264   0.0003261   0.0003318   0.0004119   0.0004473   0.0004617   0.0005397    0.000507   0.0004464   0.0004398   0.0004077   0.0004269   0.0004926   0.0004404 
  36.1667    0.000309  0.00029277   0.0003216   0.0003078    0.000327   0.0003831   0.0004245   0.0004494   0.0005046   0.0005115   0.0004437   0.0004356    0.000411   0.0004059   0.0004686   0.0004443 
     36.5   0.0003027  0.00028059   0.0003135  0.00029307   0.0003228   0.0003513   0.0004089   0.0004422    0.000471   0.0005169   0.0004494   0.0004293   0.0004122   0.0003891   0.0004365   0.0004584 
  36.8333  0.00029556  0.00027381   0.0003033  0.00028455   0.0003153   0.0003219   0.0003972   0.0004329   0.0004449   0.0005151   0.0004563   0.0004194   0.0004092   0.0003798   0.0004095   0.0004644 
  37.1667  0.00028587  0.00027096  0.00029073  0.00028152   0.0003033   0.0003006   0.0003828   0.0004152   0.0004254   0.0004977   0.0004602   0.0004092   0.0004053   0.0003795   0.0003891   0.0004503 
     37.5  0.00027249  0.00026889  0.00027639  0.00028092  0.00028812  0.00029001   0.0003624   0.0003924   0.0004119    0.000468   0.0004635   0.0004059   0.0004017   0.0003825   0.0003717   0.0004224 
  37.8333  0.00025671  0.00026517  0.00026118  0.00027927  0.00027207  0.00028611   0.0003369   0.0003738   0.0004044   0.0004368   0.0004689   0.0004107    0.000396   0.0003825   0.0003579   0.0003948 
  38.1667  0.00024156  0.00025974   0.0002472  0.00027474  0.00025791  0.00028341   0.0003087   0.0003621   0.0003984   0.0004116    0.000471   0.0004176   0.0003861   0.0003789   0.0003516   0.0003741 
     38.5  0.00022965  0.00025407  0.00023652  0.00026736  0.00024816  0.00027792  0.00028284   0.0003528   0.0003873    0.000393   0.0004596   0.0004209   0.0003762    0.000375   0.0003531   0.0003573 
  38.8333  0.00022098  0.00024885  0.00023037  0.00025803  0.00024351   0.0002685  0.00026439   0.0003399   0.0003681   0.0003792    0.000435   0.0004227   0.0003723   0.0003723   0.0003555    0.000342 
  39.1667  0.00021276  0.00024258  0.00022791   0.0002472  0.00024231  0.00025593  0.00025488    0.000321   0.0003474   0.0003702   0.0004065   0.0004275   0.0003762   0.0003672   0.0003543   0.0003309 
     39.5  0.00020238  0.00023364  0.00022659  0.00023484   0.0002418  0.00024186  0.00025146  0.00029781   0.0003324   0.0003648   0.0003825   0.0004311   0.0003825   0.0003582   0.0003504   0.0003276 
  39.8333  0.00018981  0.00022194  0.00022404  0.00022191  0.00023967  0.00022836  0.00024945  0.00027249   0.0003237   0.0003582   0.0003645   0.0004248   0.0003855   0.0003486   0.0003474     0.00033 
  40.1667  0.00017766  0.00020919  0.00021984  0.00021003  0.00023496  0.00021768  0.00024528  0.00024936   0.0003156   0.0003447    0.000351   0.0004053   0.0003867   0.0003444   0.0003456   0.0003318 
     40.5  0.00016935  0.00019764   0.0002151  0.00020079  0.00022824  0.00021141  0.00023766  0.00023283    0.000303   0.0003252   0.0003408   0.0003795   0.0003906   0.0003474   0.0003414   0.0003294 
  40.8333  0.00016599  0.00018912  0.00021099  0.00019533  0.00022032  0.00020913  0.00022701  0.00022437  0.00028545   0.0003069   0.0003345   0.0003561   0.0003951   0.0003531   0.0003327   0.0003252 
  41.1667   0.0001653  0.00018303  0.00020703  0.00019338  0.00021123  0.00020892  0.00021495   0.0002214  0.00026406  0.00029544   0.0003306    0.000339   0.0003927   0.0003558   0.0003234   0.0003228 
     41.5  0.00016359    0.000177  0.00020136  0.00019287  0.00020085  0.00020865  0.00020301  0.00021987  0.00024117  0.00028911   0.0003225   0.0003264   0.0003777   0.0003561   0.0003186   0.0003216 
  41.8333  0.00015936   0.0001689  0.00019314  0.00019146  0.00018999  0.00020664   0.0001926  0.00021684  0.00022035  0.00028173   0.0003075   0.0003165   0.0003552   0.0003585    0.000321   0.0003177 
  42.1667  0.00015369  0.00015873  0.00018318  0.00018837  0.00018003  0.00020247  0.00018531  0.00021084  0.00020556  0.00026964  0.00028881   0.0003093   0.0003333   0.0003633   0.0003261   0.0003099 
     42.5  0.00014823  0.00014847  0.00017289  0.00018435  0.00017214  0.00019683   0.0001818  0.00020205  0.00019809  0.00025326  0.00027393   0.0003054   0.0003165   0.0003636   0.0003291   0.0003009 
  42.8333  0.00014367    0.000141  0.00016404  0.00018069  0.00016731  0.00019035  0.00018108  0.00019194  0.00019557  0.00023421   0.0002661   0.0003012   0.0003045   0.0003531   0.0003288  0.00029628 
  43.1667  0.00013995  0.00013782   0.0001578   0.0001779  0.00016563  0.00018276   0.0001815  0.00018198  0.00019458  0.00021414  0.00026169  0.00029151  0.00029511   0.0003336   0.0003297  0.00029811 
     43.5  0.00013641  0.00013752  0.00015342  0.00017451  0.00016548  0.00017391  0.00018144  0.00017286  0.00019272  0.00019602  0.00025488  0.00027543  0.00028731   0.0003126   0.0003339    0.000303 
  43.8333  0.00013248   0.0001368  0.00014877  0.00016908  0.00016476   0.0001647  0.00017976  0.00016566  0.00018855  0.00018342  0.00024339  0.00025842  0.00028215  0.00029598    0.000336   0.0003057 
  44.1667  0.00012822  0.00013374  0.00014232  0.00016173   0.0001626  0.00015627  0.00017625   0.0001614  0.00018186  0.00017736  0.00022836  0.00024681  0.00027918   0.0002844   0.0003291   0.0003051 
     44.5  0.00012426  0.00012897  0.00013404  0.00015339  0.00015936   0.0001494  0.00017157  0.00015999  0.00017367  0.00017559  0.00021126   0.0002415  0.00027405  0.00027582   0.0003129   0.0003054 
  44.8333  0.00012084  0.00012417  0.00012534  0.00014505  0.00015606   0.0001449  0.00016617   0.0001602  0.00016536  0.00017511  0.00019332  0.00023775  0.00026262  0.00026838  0.00029385   0.0003087 
  45.1667  0.00011778  0.00012027  0.00011868  0.00013824  0.00015363  0.00014322  0.00015972  0.00016074  0.00015741  0.00017385  0.00017706  0.00023058  0.00024633  0.00026235   0.0002775   0.0003114 
     45.5  0.00011511  0.00011715  0.00011565  0.00013368  0.00015144  0.00014316  0.00015204  0.00016053  0.00015033   0.0001707  0.00016575  0.00021918  0.00023139  0.00025878  0.00026586   0.0003072 
  45.8333  0.00011352  0.00011442  0.00011544  0.00013044  0.00014802  0.00014292  0.00014412  0.00015876   0.0001452  0.00016521  0.00016032  0.00020529  0.00022254  0.00025587  0.00025773  0.00029376 
  46.1667  0.00011325  0.00011163  0.00011535  0.00012675   0.0001428  0.00014145  0.00013692   0.0001554  0.00014271  0.00015813  0.00015879  0.00018993    0.000219  0.00024909   0.0002511  0.00027606 
     46.5  0.00011346  0.00010848  0.00011328   0.0001215  0.00013647  0.00013893  0.00013092  0.00015108  0.00014211  0.00015075  0.00015828  0.00017388  0.00021567  0.00023628  0.00024504  0.00026004 
  46.8333  0.00011265  0.00010524  0.00010938  0.00011463   0.0001296  0.00013605  0.00012672  0.00014625  0.00014229  0.00014364  0.00015714  0.00015933  0.00020874  0.00022074  0.00024063  0.00024846 
  47.1667  0.00011007  0.00010242  0.00010521  0.00010713    0.000123  0.00013377  0.00012492  0.00014052  0.00014247  0.00013677  0.00015453  0.00014919  0.00019812  0.00020823  0.00023817  0.00024075 
     47.5  0.00010623  0.00010002  0.00010182   0.0001011  0.00011778  0.00013221  0.00012486  0.00013374   0.0001419   0.0001308  0.00014997  0.00014433  0.00018543  0.00020172  0.00023454  0.00023502 
  47.8333  0.00010269   9.756e-05   9.918e-05   9.813e-05  0.00011442  0.00013011  0.00012486  0.00012678  0.00013989  0.00012693  0.00014385  0.00014283  0.00017121  0.00019908  0.00022563  0.00022947 
  48.1667  0.00010062   9.513e-05    9.69e-05   9.789e-05  0.00011187  0.00012636  0.00012384  0.00012051  0.00013638  0.00012519  0.00013725   0.0001422  0.00015615  0.00019557  0.00021138  0.00022431 
     48.5   9.957e-05   9.345e-05   9.468e-05   9.816e-05  0.00010866  0.00012138   0.0001218  0.00011514  0.00013218  0.00012465  0.00013092    0.000141  0.00014256  0.00018849  0.00019626   0.0002208 
  48.8333   9.792e-05     9.3e-05   9.219e-05   9.672e-05  0.00010413   0.0001158   0.0001191  0.00011109  0.00012759  0.00012465  0.00012462   0.0001386  0.00013323  0.00017859  0.00018552  0.00021831 
  49.1667   9.474e-05   9.327e-05   8.931e-05     9.3e-05   9.807e-05  0.00010977   0.0001164  0.00010896  0.00012231  0.00012447   0.0001185  0.00013452  0.00012879  0.00016722  0.00018075  0.00021321 
     49.5   9.051e-05   9.273e-05   8.616e-05   8.826e-05   9.096e-05  0.00010368  0.00011385  0.00010815   0.0001161  0.00012285  0.00011358  0.00012873  0.00012714  0.00015471  0.00017859  0.00020283 
  49.8333   8.595e-05   9.003e-05   8.295e-05   8.322e-05    8.37e-05   9.783e-05  0.00010983  0.00010644   0.0001095  0.00011826  0.00011007  0.00012222  0.00012519  0.00014163  0.00017355  0.00018849 
  50.1667   8.115e-05   8.478e-05   7.911e-05   7.767e-05   7.722e-05   9.195e-05  0.00010215  0.00010221  0.00010284  0.00011022  0.00010689  0.00011649  0.00012168   0.0001302  0.00016323  0.00017478 
     50.5    7.62e-05   7.803e-05   7.428e-05   7.179e-05   7.233e-05   8.577e-05   9.156e-05   9.633e-05   9.648e-05   0.0001005  0.00010368  0.00011283  0.00011742  0.00012315  0.00015114  0.00016635 
