0.005 7.53886 0.005 0 1.35125
0.015 2.04728 0.005 0 0.366002
0.025 1.14561 0.005 0 0.204297
0.035 0.742056 0.005 0 0.131193
0.045 0.534546 0.005 0 0.0938599
0.055 0.384779 0.005 0 0.0667869
0.065 0.282165 0.005 0 0.0480764
0.075 0.206201 0.005 0 0.034593
0.085 0.144047 0.005 0 0.0236784
0.095 0.0977671 0.005 0 0.0159417
0.105 0.0602032 0.005 0 0.0104555
0.115 0.0402932 0.005 0 0.00834287
0.125 0.0273196 0.005 0 0.00714571
0.135 0.0235966 0.005 0 0.00652922
0.145 0.0218715 0.005 0 0.00601749
0.155 0.0197886 0.005 0 0.00543166
0.165 0.0180129 0.005 0 0.00490892
0.175 0.0173802 0.005 0 0.00473063
0.185 0.0161001 0.005 0 0.00436216
0.195 0.0147288 0.005 0 0.00394373
0.205 0.0142246 0.005 0 0.00381272
0.215 0.0133161 0.005 0 0.00354184
0.225 0.0126249 0.005 0 0.00333739
0.235 0.0118018 0.005 0 0.00310382
0.245 0.0113191 0.005 0 0.00294702
0.255 0.0104927 0.005 0 0.00271144
0.265 0.00968854 0.005 0 0.00247961
0.275 0.00961066 0.005 0 0.00246081
0.285 0.00889598 0.005 0 0.0022565
0.295 0.00842844 0.005 0 0.00212325
0.305 0.00822243 0.005 0 0.00205879
0.315 0.00779659 0.005 0 0.00193565
0.325 0.00730666 0.005 0 0.00180786
0.335 0.00709392 0.005 0 0.00174673
0.345 0.00655058 0.005 0 0.00160416
0.355 0.00644023 0.005 0 0.00156659
0.365 0.00604934 0.005 0 0.00147489
0.375 0.00580413 0.005 0 0.00140685
0.385 0.00519977 0.005 0 0.00125457
0.395 0.00484982 0.005 0 0.00117717
0.405 0.00469313 0.005 0 0.00115575
0.415 0.00448683 0.005 0 0.00110416
0.425 0.00430798 0.005 0 0.00107882
0.435 0.00408737 0.005 0 0.00104269
0.445 0.0037642 0.005 0 0.00102404
0.455 0.0035316 0.005 0 0.000966487
0.465 0.00326238 0.005 0 0.00096374
0.475 0.00306878 0.005 0 0.000952278
0.485 0.00289586 0.005 0 0.000969732
0.495 0.00267132 0.005 0 0.000972177
0.505 0.00260966 0.005 0 0.000999182
0.515 0.00249704 0.005 0 0.000988557
0.525 0.00250409 0.005 0 0.00101668
0.535 0.00238295 0.005 0 0.000992387
0.545 0.00244177 0.005 0 0.00100937
0.555 0.00244615 0.005 0 0.00100951
0.565 0.00245738 0.005 0 0.00102574
0.575 0.0024723 0.005 0 0.00103631
0.585 0.00238805 0.005 0 0.000997187
0.595 0.00242733 0.005 0 0.00103223
0.605 0.00253116 0.005 0 0.0011084
0.615 0.00238706 0.005 0 0.00104099
0.625 0.0022736 0.005 0 0.00102039
0.635 0.00217555 0.005 0 0.00102468
0.645 0.00198456 0.005 0 0.00100299
0.655 0.00199102 0.005 0 0.00102813
0.665 0.00205299 0.005 0 0.0010429
0.675 0.00207989 0.005 0 0.0010437
0.685 0.00204757 0.005 0 0.00101653
0.695 0.00211454 0.005 0 0.00102199
0.705 0.00209969 0.005 0 0.000988363
0.715 0.00215742 0.005 0 0.000988452
0.725 0.00225639 0.005 0 0.00098221
0.735 0.00240308 0.005 0 0.000974343
0.745 0.00265116 0.005 0 0.000971578
0.755 0.003302 0.005 0 0.00103191
0.765 0.00519255 0.005 0 0.00139276
0.775 0.011476 0.005 0 0.00306593
0.785 0.0141412 0.005 0 0.00383965
0.795 0.00613404 0.005 0 0.00160966
0.805 0.00292166 0.005 0 0.00092991
0.815 0.00227239 0.005 0 0.000898639
0.825 0.00201893 0.005 0 0.000885589
0.835 0.00176196 0.005 0 0.000809865
0.845 0.0017549 0.005 0 0.000824566
0.855 0.0016453 0.005 0 0.000788694
0.865 0.00167136 0.005 0 0.000803869
0.875 0.00156667 0.005 0 0.000748222
0.885 0.00158688 0.005 0 0.000756913
0.895 0.00155956 0.005 0 0.000735114
0.905 0.00150451 0.005 0 0.000695571
0.915 0.00152239 0.005 0 0.000692439
0.925 0.0016165 0.005 0 0.000720012
0.935 0.00159184 0.005 0 0.000686013
0.945 0.00168964 0.005 0 0.000699182
0.955 0.00167659 0.005 0 0.000642787
0.965 0.00183422 0.005 0 0.00066297
0.975 0.00207103 0.005 0 0.000675684
0.985 0.00260228 0.005 0 0.000768805
0.995 0.00364691 0.005 0 0.000966051
1.005 0.00817918 0.005 0 0.00221344
1.015 0.0190718 0.005 0 0.0054424
1.025 0.015449 0.005 0 0.00437556
1.035 0.00493359 0.005 0 0.00130169
1.045 0.00203845 0.005 0 0.000609511
1.055 0.00138265 0.005 0 0.000516344
1.065 0.00114546 0.005 0 0.000492442
1.075 0.00109863 0.005 0 0.000517661
1.085 0.00094424 0.005 0 0.000459956
1.095 0.000940135 0.005 0 0.000473811
1.105 0.00088311 0.005 0 0.000453095
1.115 0.00082203 0.005 0 0.000424586
1.125 0.000865855 0.005 0 0.000455018
1.135 0.000813338 0.005 0 0.000429345
1.145 0.000725354 0.005 0 0.000383553
1.155 0.000694794 0.005 0 0.000370376
1.165 0.000737612 0.005 0 0.000394906
1.175 0.000670441 0.005 0 0.000360097
1.185 0.000637278 0.005 0 0.000341943
1.195 0.000638362 0.005 0 0.000343863
1.205 0.000568245 0.005 0 0.000306207
1.215 0.00062773 0.005 0 0.000339494
1.225 0.000628166 0.005 0 0.000341368
1.235 0.000603126 0.005 0 0.000327975
1.245 0.000560945 0.005 0 0.000304531
1.255 0.000516579 0.005 0 0.000280305
1.265 0.000559832 0.005 0 0.000303648
1.275 0.000523817 0.005 0 0.000285418
1.285 0.000547362 0.005 0 0.000299387
1.295 0.000480405 0.005 0 0.000261478
1.305 0.000490353 0.005 0 0.000267235
1.315 0.000458461 0.005 0 0.000249422
1.325 0.000424174 0.005 0 0.000230767
1.335 0.000404432 0.005 0 0.000220378
1.345 0.000402282 0.005 0 0.000219427
1.355 0.000362734 0.005 0 0.000197309
1.365 0.000436085 0.005 0 0.000237872
1.375 0.000387766 0.005 0 0.000211341
1.385 0.000382904 0.005 0 0.000209892
1.395 0.000358241 0.005 0 0.000195599
1.405 0.000408492 0.005 0 0.000222614
1.415 0.000347221 0.005 0 0.000189593
1.425 0.000338932 0.005 0 0.000185383
1.435 0.000336224 0.005 0 0.000183211
1.445 0.000329746 0.005 0 0.000180625
1.455 0.000300781 0.005 0 0.000165018
1.465 0.000294834 0.005 0 0.000161071
1.475 0.00029124 0.005 0 0.000159097
1.485 0.000283705 0.005 0 0.000154452
1.495 0.000265706 0.005 0 0.000145929
1.505 0.000270281 0.005 0 0.000146781
1.515 0.000273761 0.005 0 0.000149885
1.525 0.000254543 0.005 0 0.000138785
1.535 0.000231123 0.005 0 0.000126096
1.545 0.000233334 0.005 0 0.000126731
1.555 0.000253324 0.005 0 0.000138324
1.565 0.000232087 0.005 0 0.000126816
1.575 0.000210465 0.005 0 0.000114773
1.585 0.000219278 0.005 0 0.000119737
1.595 0.000220266 0.005 0 0.00012015
1.605 0.000203998 0.005 0 0.000110995
1.615 0.000203626 0.005 0 0.000110958
1.625 0.000199426 0.005 0 0.000108408
1.635 0.000190415 0.005 0 0.000103684
1.645 0.000177395 0.005 0 9.70971e-05
1.655 0.000181966 0.005 0 9.89262e-05
1.665 0.000166829 0.005 0 9.0637e-05
1.675 0.000182028 0.005 0 9.92156e-05
1.685 0.000162598 0.005 0 8.86032e-05
1.695 0.000163174 0.005 0 8.84297e-05
1.705 0.000148838 0.005 0 8.09961e-05
1.715 0.000154677 0.005 0 8.38202e-05
1.725 0.000144235 0.005 0 7.78454e-05
1.735 0.000150485 0.005 0 8.20425e-05
1.745 0.000153342 0.005 0 8.33475e-05
1.755 0.000136601 0.005 0 7.42432e-05
1.765 0.000124617 0.005 0 6.76075e-05
1.775 0.000119161 0.005 0 6.44873e-05
1.785 0.000138399 0.005 0 7.49936e-05
1.795 0.000116464 0.005 0 6.27881e-05
1.805 0.000110253 0.005 0 5.9644e-05
1.815 0.000124525 0.005 0 6.76609e-05
1.825 0.000105227 0.005 0 5.66154e-05
1.835 9.64791e-05 0.005 0 5.20063e-05
1.845 0.00010855 0.005 0 5.86135e-05
1.855 0.00011779 0.005 0 6.37683e-05
1.865 0.0001152 0.005 0 6.24608e-05
1.875 0.000101843 0.005 0 5.50485e-05
1.885 9.31784e-05 0.005 0 5.00893e-05
1.895 9.19392e-05 0.005 0 4.9365e-05
1.905 7.91246e-05 0.005 0 4.24203e-05
1.915 9.01735e-05 0.005 0 4.8471e-05
1.925 7.92113e-05 0.005 0 4.24967e-05
1.935 8.23099e-05 0.005 0 4.42507e-05
1.945 7.383e-05 0.005 0 3.92475e-05
1.955 7.6679e-05 0.005 0 4.08741e-05
1.965 7.60425e-05 0.005 0 4.05192e-05
1.975 8.0675e-05 0.005 0 4.34982e-05
1.985 6.56597e-05 0.005 0 3.49658e-05
1.995 8.89575e-05 0.005 0 4.81341e-05
2.005 6.94149e-05 0.005 0 3.74394e-05
2.015 5.52851e-05 0.005 0 2.93769e-05
2.025 5.22273e-05 0.005 0 2.77179e-05
2.035 5.26759e-05 0.005 0 2.80781e-05
2.045 5.72508e-05 0.005 0 3.05932e-05
2.055 6.08687e-05 0.005 0 3.25573e-05
2.065 3.66419e-05 0.005 0 1.91316e-05
2.075 5.99981e-05 0.005 0 3.20694e-05
2.085 5.95316e-05 0.005 0 3.19032e-05
2.095 4.87697e-05 0.005 0 2.57707e-05
2.105 3.8982e-05 0.005 0 2.03358e-05
2.115 6.20271e-05 0.005 0 3.3151e-05
2.125 4.05423e-05 0.005 0 2.12171e-05
2.135 5.26638e-05 0.005 0 2.78149e-05
2.145 5.27544e-05 0.005 0 2.79126e-05
2.155 3.52453e-05 0.005 0 1.82228e-05
2.165 4.82231e-05 0.005 0 2.53662e-05
2.175 4.9545e-05 0.005 0 2.60593e-05
2.185 4.26356e-05 0.005 0 2.2195e-05
2.195 3.47305e-05 0.005 0 1.78389e-05
2.205 3.7516e-05 0.005 0 1.93125e-05
2.215 4.46605e-05 0.005 0 2.32807e-05
2.225 4.05626e-05 0.005 0 2.09309e-05
2.235 3.09236e-05 0.005 0 1.55167e-05
2.245 4.1656e-05 0.005 0 2.15571e-05
2.255 3.05044e-05 0.005 0 1.539e-05
2.265 2.82865e-05 0.005 0 1.40376e-05
2.275 3.87534e-05 0.005 0 1.98479e-05
2.285 4.53549e-05 0.005 0 2.36534e-05
2.295 2.54146e-05 0.005 0 1.24753e-05
2.305 3.11015e-05 0.005 0 1.55204e-05
2.315 2.81061e-05 0.005 0 1.38368e-05
2.325 3.13205e-05 0.005 0 1.5587e-05
2.335 2.67647e-05 0.005 0 1.30476e-05
2.345 2.5841e-05 0.005 0 1.25756e-05
2.355 2.65378e-05 0.005 0 1.29386e-05
2.365 2.75749e-05 0.005 0 1.33669e-05
2.375 2.68208e-05 0.005 0 1.29556e-05
2.385 3.66537e-05 0.005 0 1.8327e-05
2.395 2.72368e-05 0.005 0 1.31111e-05
2.405 3.72844e-05 0.005 0 1.86851e-05
2.415 2.60149e-05 0.005 0 1.23583e-05
2.425 2.75185e-05 0.005 0 1.30206e-05
2.435 2.07749e-05 0.005 0 9.29464e-06
2.445 2.22764e-05 0.005 0 1.00068e-05
2.455 2.11556e-05 0.005 0 9.50625e-06
2.465 2.44909e-05 0.005 0 1.12762e-05
2.475 3.31024e-05 0.005 0 1.59008e-05
2.485 2.59656e-05 0.005 0 1.20271e-05
2.495 1.32731e-05 0.005 0 4.96775e-06
2.505 2.005e-05 0.005 0 8.62264e-06
2.515 2.73505e-05 0.005 0 1.25247e-05
2.525 2.36609e-05 0.005 0 1.05422e-05
2.535 1.78542e-05 0.005 0 7.22821e-06
2.545 2.43744e-05 0.005 0 1.07331e-05
2.555 2.22571e-05 0.005 0 9.55935e-06
2.565 2.22784e-05 0.005 0 9.35501e-06
2.575 2.08061e-05 0.005 0 8.59042e-06
2.585 1.83854e-05 0.005 0 7.22147e-06
2.595 1.38281e-05 0.005 0 4.74098e-06
2.605 1.66789e-05 0.005 0 6.21152e-06
2.615 2.13788e-05 0.005 0 8.6533e-06
2.625 2.13628e-05 0.005 0 8.45782e-06
2.635 2.23212e-05 0.005 0 8.80907e-06
2.645 1.60076e-05 0.005 0 5.44075e-06
2.655 1.85799e-05 0.005 0 6.58667e-06
2.665 2.16051e-05 0.005 0 8.23821e-06
2.675 2.37719e-05 0.005 0 9.20407e-06
2.685 1.85294e-05 0.005 0 6.20787e-06
2.695 1.51432e-05 0.005 0 4.60029e-06
2.705 1.75383e-05 0.005 0 5.5304e-06
2.715 1.86633e-05 0.005 0 6.11937e-06
2.725 1.33796e-05 0.005 0 3.63697e-06
2.735 1.8528e-05 0.005 0 5.82221e-06
2.745 1.61191e-05 0.005 0 4.55945e-06
2.755 2.13332e-05 0.005 0 6.95713e-06
2.765 1.83029e-05 0.005 0 5.29805e-06
2.775 2.04292e-05 0.005 0 6.19644e-06
2.785 2.23938e-05 0.005 0 6.84233e-06
2.795 2.32918e-05 0.005 0 7.03567e-06
2.805 1.9318e-05 0.005 0 5.2484e-06
2.815 2.14138e-05 0.005 0 5.98379e-06
2.825 2.0344e-05 0.005 0 5.44902e-06
2.835 1.92413e-05 0.005 0 5.08146e-06
2.845 2.2334e-05 0.005 0 5.96606e-06
2.855 2.97644e-05 0.005 0 8.78199e-06
2.865 2.27241e-05 0.005 0 6.01122e-06
2.875 2.68414e-05 0.005 0 7.14035e-06
2.885 2.46844e-05 0.005 0 6.56324e-06
2.895 2.96375e-05 0.005 0 7.83458e-06
2.905 2.68684e-05 0.005 0 7.29603e-06
2.915 3.04111e-05 0.005 0 8.14514e-06
2.925 3.77436e-05 0.005 0 9.97348e-06
2.935 3.65919e-05 0.005 0 9.84479e-06
2.945 4.02019e-05 0.005 0 1.082e-05
2.955 4.25565e-05 0.005 0 1.16835e-05
2.965 4.86e-05 0.005 0 1.32801e-05
2.975 5.78545e-05 0.005 0 1.55143e-05
2.985 6.1451e-05 0.005 0 1.71639e-05
2.995 7.10037e-05 0.005 0 2.05255e-05
3.005 8.58532e-05 0.005 0 2.44162e-05
3.015 0.00011149 0.005 0 3.10383e-05
3.025 0.000141358 0.005 0 4.08913e-05
3.035 0.000189056 0.005 0 5.57495e-05
3.045 0.000268034 0.005 0 7.8962e-05
3.055 0.000371145 0.005 0 0.000110992
3.065 0.000502463 0.005 0 0.000149573
3.075 0.000628401 0.005 0 0.000186376
3.085 0.000715251 0.005 0 0.000213753
3.095 0.000731183 0.005 0 0.00021891
3.105 0.000677998 0.005 0 0.000202021
3.115 0.000567766 0.005 0 0.000168231
3.125 0.000418807 0.005 0 0.000125146
3.135 0.000301048 0.005 0 8.82271e-05
3.145 0.000194536 0.005 0 5.7185e-05
3.155 0.000126189 0.005 0 3.66976e-05
3.165 7.99852e-05 0.005 0 2.35148e-05
3.175 5.61888e-05 0.005 0 1.59658e-05
3.185 4.12666e-05 0.005 0 1.11279e-05
3.195 2.86841e-05 0.005 0 7.78862e-06
3.205 2.28635e-05 0.005 0 6.08966e-06
3.215 1.57824e-05 0.005 0 4.33542e-06
3.225 1.19678e-05 0.005 0 3.30253e-06
3.235 1.28733e-05 0.005 0 3.48535e-06
3.245 9.11556e-06 0.005 0 2.40629e-06
3.255 1.05374e-05 0.005 0 3.25342e-06
3.265 5.4926e-06 0.005 0 1.46391e-06
3.275 4.6873e-06 0.005 0 1.24033e-06
3.285 8.13765e-06 0.005 0 2.84707e-06
3.295 7.14324e-06 0.005 0 2.58963e-06
3.305 5.2373e-06 0.005 0 1.77868e-06
3.315 3.7452e-06 0.005 0 1.11539e-06
3.325 4.56573e-06 0.005 0 1.63435e-06
3.335 3.46503e-06 0.005 0 1.13244e-06
3.345 2.0304e-06 0.005 0 5.65406e-07
3.355 2.33837e-06 0.005 0 7.4109e-07
3.365 1.91964e-06 0.005 0 5.43132e-07
3.375 2.2347e-06 0.005 0 7.58133e-07
3.385 5.3249e-06 0.005 0 2.47246e-06
3.395 1.44369e-06 0.005 0 4.26462e-07
3.405 3.93826e-06 0.005 0 1.80288e-06
3.415 9.93269e-07 0.005 0 2.78192e-07
3.425 3.61557e-06 0.005 0 1.68797e-06
3.435 9.34813e-07 0.005 0 2.66889e-07
3.445 3.80333e-06 0.005 0 1.79379e-06
3.455 1.24672e-06 0.005 0 4.39576e-07
3.465 2.78541e-06 0.005 0 1.27456e-06
3.475 2.43187e-06 0.005 0 1.1365e-06
3.485 4.03553e-06 0.005 0 2.03101e-06
3.495 2.29435e-06 0.005 0 1.07282e-06
